available,axis,axis_name,baseline,delta_vs_baseline,improved_vs_baseline,kpi,lower_is_better,source,value,family,method,run_dir,table_path
True,OE1,Flexibilidad energetica,,,,battery_capacity_fade_ratio,True,citylearn_v2.evaluate_v2,0.0,citylearn_v2_original,baseline,D:\MADRLCitytleranflexresdr\outputs\citylearn_v2_original_benchmark\baseline\E1_seed_0,D:\MADRLCitytleranflexresdr\outputs\citylearn_v2_original_benchmark\baseline\E1_seed_0\figures\tables\objective_kpis.csv
True,OE1,Flexibilidad energetica,,,,battery_charge_total,False,citylearn_v2.evaluate_v2,0.0,citylearn_v2_original,baseline,D:\MADRLCitytleranflexresdr\outputs\citylearn_v2_original_benchmark\baseline\E1_seed_0,D:\MADRLCitytleranflexresdr\outputs\citylearn_v2_original_benchmark\baseline\E1_seed_0\figures\tables\objective_kpis.csv
True,OE1,Flexibilidad energetica,,,,battery_discharge_total,False,citylearn_v2.evaluate_v2,0.0,citylearn_v2_original,baseline,D:\MADRLCitytleranflexresdr\outputs\citylearn_v2_original_benchmark\baseline\E1_seed_0,D:\MADRLCitytleranflexresdr\outputs\citylearn_v2_original_benchmark\baseline\E1_seed_0\figures\tables\objective_kpis.csv
True,OE1,Flexibilidad energetica,,,,battery_equivalent_full_cycles,False,citylearn_v2.evaluate_v2,0.0,citylearn_v2_original,baseline,D:\MADRLCitytleranflexresdr\outputs\citylearn_v2_original_benchmark\baseline\E1_seed_0,D:\MADRLCitytleranflexresdr\outputs\citylearn_v2_original_benchmark\baseline\E1_seed_0\figures\tables\objective_kpis.csv
True,OE1,Flexibilidad energetica,,,,battery_throughput_total,False,citylearn_v2.evaluate_v2,0.0,citylearn_v2_original,baseline,D:\MADRLCitytleranflexresdr\outputs\citylearn_v2_original_benchmark\baseline\E1_seed_0,D:\MADRLCitytleranflexresdr\outputs\citylearn_v2_original_benchmark\baseline\E1_seed_0\figures\tables\objective_kpis.csv
False,OE1,Flexibilidad energetica,,,,community_import_share,False,citylearn_v2.evaluate_v2,,citylearn_v2_original,baseline,D:\MADRLCitytleranflexresdr\outputs\citylearn_v2_original_benchmark\baseline\E1_seed_0,D:\MADRLCitytleranflexresdr\outputs\citylearn_v2_original_benchmark\baseline\E1_seed_0\figures\tables\objective_kpis.csv
False,OE1,Flexibilidad energetica,,,,community_local_traded_daily_average,False,citylearn_v2.evaluate_v2,,citylearn_v2_original,baseline,D:\MADRLCitytleranflexresdr\outputs\citylearn_v2_original_benchmark\baseline\E1_seed_0,D:\MADRLCitytleranflexresdr\outputs\citylearn_v2_original_benchmark\baseline\E1_seed_0\figures\tables\objective_kpis.csv
False,OE1,Flexibilidad energetica,,,,community_local_traded_total,False,citylearn_v2.evaluate_v2,,citylearn_v2_original,baseline,D:\MADRLCitytleranflexresdr\outputs\citylearn_v2_original_benchmark\baseline\E1_seed_0,D:\MADRLCitytleranflexresdr\outputs\citylearn_v2_original_benchmark\baseline\E1_seed_0\figures\tables\objective_kpis.csv
True,OE1,Flexibilidad energetica,,,,ev_charge_total,False,citylearn_v2.evaluate_v2,0.0,citylearn_v2_original,baseline,D:\MADRLCitytleranflexresdr\outputs\citylearn_v2_original_benchmark\baseline\E1_seed_0,D:\MADRLCitytleranflexresdr\outputs\citylearn_v2_original_benchmark\baseline\E1_seed_0\figures\tables\objective_kpis.csv
True,OE1,Flexibilidad energetica,,,,ev_departure_count,True,citylearn_v2.evaluate_v2,2787.0,citylearn_v2_original,baseline,D:\MADRLCitytleranflexresdr\outputs\citylearn_v2_original_benchmark\baseline\E1_seed_0,D:\MADRLCitytleranflexresdr\outputs\citylearn_v2_original_benchmark\baseline\E1_seed_0\figures\tables\objective_kpis.csv
True,OE1,Flexibilidad energetica,,,,ev_departure_met_count,False,citylearn_v2.evaluate_v2,0.0,citylearn_v2_original,baseline,D:\MADRLCitytleranflexresdr\outputs\citylearn_v2_original_benchmark\baseline\E1_seed_0,D:\MADRLCitytleranflexresdr\outputs\citylearn_v2_original_benchmark\baseline\E1_seed_0\figures\tables\objective_kpis.csv
True,OE1,Flexibilidad energetica,,,,ev_departure_soc_deficit_mean,True,citylearn_v2.evaluate_v2,0.839354144233581,citylearn_v2_original,baseline,D:\MADRLCitytleranflexresdr\outputs\citylearn_v2_original_benchmark\baseline\E1_seed_0,D:\MADRLCitytleranflexresdr\outputs\citylearn_v2_original_benchmark\baseline\E1_seed_0\figures\tables\objective_kpis.csv
True,OE1,Flexibilidad energetica,,,,ev_departure_success_rate,False,citylearn_v2.evaluate_v2,0.0,citylearn_v2_original,baseline,D:\MADRLCitytleranflexresdr\outputs\citylearn_v2_original_benchmark\baseline\E1_seed_0,D:\MADRLCitytleranflexresdr\outputs\citylearn_v2_original_benchmark\baseline\E1_seed_0\figures\tables\objective_kpis.csv
True,OE1,Flexibilidad energetica,,,,ev_departure_within_tolerance_count,False,citylearn_v2.evaluate_v2,0.0,citylearn_v2_original,baseline,D:\MADRLCitytleranflexresdr\outputs\citylearn_v2_original_benchmark\baseline\E1_seed_0,D:\MADRLCitytleranflexresdr\outputs\citylearn_v2_original_benchmark\baseline\E1_seed_0\figures\tables\objective_kpis.csv
True,OE1,Flexibilidad energetica,,,,ev_departure_within_tolerance_rate,False,citylearn_v2.evaluate_v2,0.0,citylearn_v2_original,baseline,D:\MADRLCitytleranflexresdr\outputs\citylearn_v2_original_benchmark\baseline\E1_seed_0,D:\MADRLCitytleranflexresdr\outputs\citylearn_v2_original_benchmark\baseline\E1_seed_0\figures\tables\objective_kpis.csv
True,OE1,Flexibilidad energetica,,,,ev_v2g_export_total,False,citylearn_v2.evaluate_v2,0.0,citylearn_v2_original,baseline,D:\MADRLCitytleranflexresdr\outputs\citylearn_v2_original_benchmark\baseline\E1_seed_0,D:\MADRLCitytleranflexresdr\outputs\citylearn_v2_original_benchmark\baseline\E1_seed_0\figures\tables\objective_kpis.csv
True,OE1,Flexibilidad energetica,,,,grid_export_baseline,True,citylearn_v2.evaluate_v2,64470.686909005046,citylearn_v2_original,baseline,D:\MADRLCitytleranflexresdr\outputs\citylearn_v2_original_benchmark\baseline\E1_seed_0,D:\MADRLCitytleranflexresdr\outputs\citylearn_v2_original_benchmark\baseline\E1_seed_0\figures\tables\objective_kpis.csv
True,OE1,Flexibilidad energetica,64470.686909005046,-3.8024380046408623e-05,True,grid_export_control,True,citylearn_v2.evaluate_v2,64470.686870980666,citylearn_v2_original,baseline,D:\MADRLCitytleranflexresdr\outputs\citylearn_v2_original_benchmark\baseline\E1_seed_0,D:\MADRLCitytleranflexresdr\outputs\citylearn_v2_original_benchmark\baseline\E1_seed_0\figures\tables\objective_kpis.csv
True,OE1,Flexibilidad energetica,0.0,-1.906428416186819e-05,True,grid_export_delta,True,citylearn_v2.evaluate_v2,-1.906428416186819e-05,citylearn_v2_original,baseline,D:\MADRLCitytleranflexresdr\outputs\citylearn_v2_original_benchmark\baseline\E1_seed_0,D:\MADRLCitytleranflexresdr\outputs\citylearn_v2_original_benchmark\baseline\E1_seed_0\figures\tables\objective_kpis.csv
True,OE1,Flexibilidad energetica,1.0,-5.897933252896337e-10,True,grid_export_ratio,True,citylearn_v2.evaluate_v2,0.9999999994102068,citylearn_v2_original,baseline,D:\MADRLCitytleranflexresdr\outputs\citylearn_v2_original_benchmark\baseline\E1_seed_0,D:\MADRLCitytleranflexresdr\outputs\citylearn_v2_original_benchmark\baseline\E1_seed_0\figures\tables\objective_kpis.csv
True,OE1,Flexibilidad energetica,1.0,0.0,False,grid_import,True,citylearn_v2.evaluate_v2,1.0,citylearn_v2_original,baseline,D:\MADRLCitytleranflexresdr\outputs\citylearn_v2_original_benchmark\baseline\E1_seed_0,D:\MADRLCitytleranflexresdr\outputs\citylearn_v2_original_benchmark\baseline\E1_seed_0\figures\tables\objective_kpis.csv
True,OE1,Flexibilidad energetica,,,,grid_import_baseline,True,citylearn_v2.evaluate_v2,88668.89730077237,citylearn_v2_original,baseline,D:\MADRLCitytleranflexresdr\outputs\citylearn_v2_original_benchmark\baseline\E1_seed_0,D:\MADRLCitytleranflexresdr\outputs\citylearn_v2_original_benchmark\baseline\E1_seed_0\figures\tables\objective_kpis.csv
True,OE1,Flexibilidad energetica,88668.89730077237,4.826346412301064e-06,False,grid_import_control,True,citylearn_v2.evaluate_v2,88668.89730559872,citylearn_v2_original,baseline,D:\MADRLCitytleranflexresdr\outputs\citylearn_v2_original_benchmark\baseline\E1_seed_0,D:\MADRLCitytleranflexresdr\outputs\citylearn_v2_original_benchmark\baseline\E1_seed_0\figures\tables\objective_kpis.csv
True,OE1,Flexibilidad energetica,0.0,2.419785394408051e-06,False,grid_import_delta,True,citylearn_v2.evaluate_v2,2.419785394408051e-06,citylearn_v2_original,baseline,D:\MADRLCitytleranflexresdr\outputs\citylearn_v2_original_benchmark\baseline\E1_seed_0,D:\MADRLCitytleranflexresdr\outputs\citylearn_v2_original_benchmark\baseline\E1_seed_0\figures\tables\objective_kpis.csv
True,OE1,Flexibilidad energetica,,,,net_exchange_baseline,True,citylearn_v2.evaluate_v2,24198.210391767323,citylearn_v2_original,baseline,D:\MADRLCitytleranflexresdr\outputs\citylearn_v2_original_benchmark\baseline\E1_seed_0,D:\MADRLCitytleranflexresdr\outputs\citylearn_v2_original_benchmark\baseline\E1_seed_0\figures\tables\objective_kpis.csv
True,OE1,Flexibilidad energetica,24198.210391767323,4.285072645870969e-05,False,net_exchange_control,True,citylearn_v2.evaluate_v2,24198.21043461805,citylearn_v2_original,baseline,D:\MADRLCitytleranflexresdr\outputs\citylearn_v2_original_benchmark\baseline\E1_seed_0,D:\MADRLCitytleranflexresdr\outputs\citylearn_v2_original_benchmark\baseline\E1_seed_0\figures\tables\objective_kpis.csv
True,OE1,Flexibilidad energetica,0.0,2.148406955627624e-05,False,net_exchange_delta,True,citylearn_v2.evaluate_v2,2.148406955627624e-05,citylearn_v2_original,baseline,D:\MADRLCitytleranflexresdr\outputs\citylearn_v2_original_benchmark\baseline\E1_seed_0,D:\MADRLCitytleranflexresdr\outputs\citylearn_v2_original_benchmark\baseline\E1_seed_0\figures\tables\objective_kpis.csv
True,OE1,Flexibilidad energetica,1.0,-1.6351346943110912e-09,True,one_minus_load_factor_average,True,citylearn_v2.evaluate_v2,0.9999999983648652,citylearn_v2_original,baseline,D:\MADRLCitytleranflexresdr\outputs\citylearn_v2_original_benchmark\baseline\E1_seed_0,D:\MADRLCitytleranflexresdr\outputs\citylearn_v2_original_benchmark\baseline\E1_seed_0\figures\tables\objective_kpis.csv
True,OE1,Flexibilidad energetica,1.0,-6.454573764358429e-09,True,peak_average,True,citylearn_v2.evaluate_v2,0.9999999935454262,citylearn_v2_original,baseline,D:\MADRLCitytleranflexresdr\outputs\citylearn_v2_original_benchmark\baseline\E1_seed_0,D:\MADRLCitytleranflexresdr\outputs\citylearn_v2_original_benchmark\baseline\E1_seed_0\figures\tables\objective_kpis.csv
True,OE1,Flexibilidad energetica,,,,pv_export_daily_average,True,citylearn_v2.evaluate_v2,221.0643229732352,citylearn_v2_original,baseline,D:\MADRLCitytleranflexresdr\outputs\citylearn_v2_original_benchmark\baseline\E1_seed_0,D:\MADRLCitytleranflexresdr\outputs\citylearn_v2_original_benchmark\baseline\E1_seed_0\figures\tables\objective_kpis.csv
True,OE1,Flexibilidad energetica,,,,pv_export_total,True,citylearn_v2.evaluate_v2,80679.26687177362,citylearn_v2_original,baseline,D:\MADRLCitytleranflexresdr\outputs\citylearn_v2_original_benchmark\baseline\E1_seed_0,D:\MADRLCitytleranflexresdr\outputs\citylearn_v2_original_benchmark\baseline\E1_seed_0\figures\tables\objective_kpis.csv
True,OE1,Flexibilidad energetica,,,,pv_generation_daily_average,False,citylearn_v2.evaluate_v2,398.4627498423695,citylearn_v2_original,baseline,D:\MADRLCitytleranflexresdr\outputs\citylearn_v2_original_benchmark\baseline\E1_seed_0,D:\MADRLCitytleranflexresdr\outputs\citylearn_v2_original_benchmark\baseline\E1_seed_0\figures\tables\objective_kpis.csv
True,OE1,Flexibilidad energetica,,,,pv_generation_total,False,citylearn_v2.evaluate_v2,145422.30107788809,citylearn_v2_original,baseline,D:\MADRLCitytleranflexresdr\outputs\citylearn_v2_original_benchmark\baseline\E1_seed_0,D:\MADRLCitytleranflexresdr\outputs\citylearn_v2_original_benchmark\baseline\E1_seed_0\figures\tables\objective_kpis.csv
True,OE1,Flexibilidad energetica,,,,pv_self_consumption_ratio,False,citylearn_v2.evaluate_v2,0.4452070537065573,citylearn_v2_original,baseline,D:\MADRLCitytleranflexresdr\outputs\citylearn_v2_original_benchmark\baseline\E1_seed_0,D:\MADRLCitytleranflexresdr\outputs\citylearn_v2_original_benchmark\baseline\E1_seed_0\figures\tables\objective_kpis.csv
True,OE1,Flexibilidad energetica,1.0,3.0235178805071423e-09,False,ramping_average,True,citylearn_v2.evaluate_v2,1.000000003023518,citylearn_v2_original,baseline,D:\MADRLCitytleranflexresdr\outputs\citylearn_v2_original_benchmark\baseline\E1_seed_0,D:\MADRLCitytleranflexresdr\outputs\citylearn_v2_original_benchmark\baseline\E1_seed_0\figures\tables\objective_kpis.csv
True,OE1,Flexibilidad energetica,1.0,0.0,False,zero_net_energy,True,citylearn_v2.evaluate_v2,1.0,citylearn_v2_original,baseline,D:\MADRLCitytleranflexresdr\outputs\citylearn_v2_original_benchmark\baseline\E1_seed_0,D:\MADRLCitytleranflexresdr\outputs\citylearn_v2_original_benchmark\baseline\E1_seed_0\figures\tables\objective_kpis.csv
True,OE2,Emisiones de CO2,1.0,1.6995427287724851e-10,False,carbon_emissions,True,citylearn_v2.evaluate_v2,1.0000000001699545,citylearn_v2_original,baseline,D:\MADRLCitytleranflexresdr\outputs\citylearn_v2_original_benchmark\baseline\E1_seed_0,D:\MADRLCitytleranflexresdr\outputs\citylearn_v2_original_benchmark\baseline\E1_seed_0\figures\tables\objective_kpis.csv
True,OE2,Emisiones de CO2,,,,carbon_emissions_baseline,True,citylearn_v2.evaluate_v2,16636.37982462966,citylearn_v2_original,baseline,D:\MADRLCitytleranflexresdr\outputs\citylearn_v2_original_benchmark\baseline\E1_seed_0,D:\MADRLCitytleranflexresdr\outputs\citylearn_v2_original_benchmark\baseline\E1_seed_0\figures\tables\objective_kpis.csv
True,OE2,Emisiones de CO2,16636.37982462966,3.39165490004234e-06,False,carbon_emissions_control,True,citylearn_v2.evaluate_v2,16636.379828021316,citylearn_v2_original,baseline,D:\MADRLCitytleranflexresdr\outputs\citylearn_v2_original_benchmark\baseline\E1_seed_0,D:\MADRLCitytleranflexresdr\outputs\citylearn_v2_original_benchmark\baseline\E1_seed_0\figures\tables\objective_kpis.csv
True,OE2,Emisiones de CO2,,,,carbon_emissions_daily_average_baseline,True,citylearn_v2.evaluate_v2,45.58432649744399,citylearn_v2_original,baseline,D:\MADRLCitytleranflexresdr\outputs\citylearn_v2_original_benchmark\baseline\E1_seed_0,D:\MADRLCitytleranflexresdr\outputs\citylearn_v2_original_benchmark\baseline\E1_seed_0\figures\tables\objective_kpis.csv
True,OE2,Emisiones de CO2,45.58432649744399,9.293266600707284e-09,False,carbon_emissions_daily_average_control,True,citylearn_v2.evaluate_v2,45.584326506737256,citylearn_v2_original,baseline,D:\MADRLCitytleranflexresdr\outputs\citylearn_v2_original_benchmark\baseline\E1_seed_0,D:\MADRLCitytleranflexresdr\outputs\citylearn_v2_original_benchmark\baseline\E1_seed_0\figures\tables\objective_kpis.csv
True,OE2,Emisiones de CO2,0.0,9.293266080718825e-09,False,carbon_emissions_daily_average_delta,True,citylearn_v2.evaluate_v2,9.293266080718825e-09,citylearn_v2_original,baseline,D:\MADRLCitytleranflexresdr\outputs\citylearn_v2_original_benchmark\baseline\E1_seed_0,D:\MADRLCitytleranflexresdr\outputs\citylearn_v2_original_benchmark\baseline\E1_seed_0\figures\tables\objective_kpis.csv
True,OE2,Emisiones de CO2,0.0,1.7004740830615295e-06,False,carbon_emissions_delta,True,citylearn_v2.evaluate_v2,1.7004740830615295e-06,citylearn_v2_original,baseline,D:\MADRLCitytleranflexresdr\outputs\citylearn_v2_original_benchmark\baseline\E1_seed_0,D:\MADRLCitytleranflexresdr\outputs\citylearn_v2_original_benchmark\baseline\E1_seed_0\figures\tables\objective_kpis.csv
True,OE3,Costos energeticos,1.0,-1.6351346943110912e-09,True,cost_one_minus_load_factor_average,True,citylearn_v2.evaluate_v2,0.9999999983648652,citylearn_v2_original,baseline,D:\MADRLCitytleranflexresdr\outputs\citylearn_v2_original_benchmark\baseline\E1_seed_0,D:\MADRLCitytleranflexresdr\outputs\citylearn_v2_original_benchmark\baseline\E1_seed_0\figures\tables\objective_kpis.csv
True,OE3,Costos energeticos,1.0,-6.454573764358429e-09,True,cost_peak_average,True,citylearn_v2.evaluate_v2,0.9999999935454262,citylearn_v2_original,baseline,D:\MADRLCitytleranflexresdr\outputs\citylearn_v2_original_benchmark\baseline\E1_seed_0,D:\MADRLCitytleranflexresdr\outputs\citylearn_v2_original_benchmark\baseline\E1_seed_0\figures\tables\objective_kpis.csv
True,OE3,Costos energeticos,1.0,3.0235178805071423e-09,False,cost_ramping_average,True,citylearn_v2.evaluate_v2,1.000000003023518,citylearn_v2_original,baseline,D:\MADRLCitytleranflexresdr\outputs\citylearn_v2_original_benchmark\baseline\E1_seed_0,D:\MADRLCitytleranflexresdr\outputs\citylearn_v2_original_benchmark\baseline\E1_seed_0\figures\tables\objective_kpis.csv
True,OE3,Costos energeticos,1.0,1.4355757249617795e-08,False,electricity_cost,True,citylearn_v2.evaluate_v2,1.0000000143557572,citylearn_v2_original,baseline,D:\MADRLCitytleranflexresdr\outputs\citylearn_v2_original_benchmark\baseline\E1_seed_0,D:\MADRLCitytleranflexresdr\outputs\citylearn_v2_original_benchmark\baseline\E1_seed_0\figures\tables\objective_kpis.csv
True,OE3,Costos energeticos,,,,electricity_cost_baseline,True,citylearn_v2.evaluate_v2,-927.5232605529018,citylearn_v2_original,baseline,D:\MADRLCitytleranflexresdr\outputs\citylearn_v2_original_benchmark\baseline\E1_seed_0,D:\MADRLCitytleranflexresdr\outputs\citylearn_v2_original_benchmark\baseline\E1_seed_0\figures\tables\objective_kpis.csv
True,OE3,Costos energeticos,-927.5232605529018,-1.3315298701854772e-05,True,electricity_cost_control,True,citylearn_v2.evaluate_v2,-927.5232738682004,citylearn_v2_original,baseline,D:\MADRLCitytleranflexresdr\outputs\citylearn_v2_original_benchmark\baseline\E1_seed_0,D:\MADRLCitytleranflexresdr\outputs\citylearn_v2_original_benchmark\baseline\E1_seed_0\figures\tables\objective_kpis.csv
True,OE3,Costos energeticos,,,,electricity_cost_daily_average_baseline,True,citylearn_v2.evaluate_v2,-2.541449737786236,citylearn_v2_original,baseline,D:\MADRLCitytleranflexresdr\outputs\citylearn_v2_original_benchmark\baseline\E1_seed_0,D:\MADRLCitytleranflexresdr\outputs\citylearn_v2_original_benchmark\baseline\E1_seed_0\figures\tables\objective_kpis.csv
True,OE3,Costos energeticos,-2.541449737786236,-3.6484435472772254e-08,True,electricity_cost_daily_average_control,True,citylearn_v2.evaluate_v2,-2.541449774270672,citylearn_v2_original,baseline,D:\MADRLCitytleranflexresdr\outputs\citylearn_v2_original_benchmark\baseline\E1_seed_0,D:\MADRLCitytleranflexresdr\outputs\citylearn_v2_original_benchmark\baseline\E1_seed_0\figures\tables\objective_kpis.csv
True,OE3,Costos energeticos,0.0,-3.6484435305915585e-08,True,electricity_cost_daily_average_delta,True,citylearn_v2.evaluate_v2,-3.6484435305915585e-08,citylearn_v2_original,baseline,D:\MADRLCitytleranflexresdr\outputs\citylearn_v2_original_benchmark\baseline\E1_seed_0,D:\MADRLCitytleranflexresdr\outputs\citylearn_v2_original_benchmark\baseline\E1_seed_0\figures\tables\objective_kpis.csv
True,OE3,Costos energeticos,0.0,-6.675891568580344e-06,True,electricity_cost_delta,True,citylearn_v2.evaluate_v2,-6.675891568580344e-06,citylearn_v2_original,baseline,D:\MADRLCitytleranflexresdr\outputs\citylearn_v2_original_benchmark\baseline\E1_seed_0,D:\MADRLCitytleranflexresdr\outputs\citylearn_v2_original_benchmark\baseline\E1_seed_0\figures\tables\objective_kpis.csv
True,OE3,Costos energeticos,0.6008859277407714,-3.124810299404146e-09,True,price_signal_deviation,True,derived_from_citylearn_v2_timeseries,0.6008859246159611,citylearn_v2_original,baseline,D:\MADRLCitytleranflexresdr\outputs\citylearn_v2_original_benchmark\baseline\E1_seed_0,D:\MADRLCitytleranflexresdr\outputs\citylearn_v2_original_benchmark\baseline\E1_seed_0\figures\tables\objective_kpis.csv
True,OE1,Flexibilidad energetica,,,,battery_capacity_fade_ratio,True,citylearn_v2.evaluate_v2,0.0005795900344428,citylearn_v2_original,hour_rbc,D:\MADRLCitytleranflexresdr\outputs\citylearn_v2_original_benchmark\hour_rbc\E1_seed_0,D:\MADRLCitytleranflexresdr\outputs\citylearn_v2_original_benchmark\hour_rbc\E1_seed_0\figures\tables\objective_kpis.csv
True,OE1,Flexibilidad energetica,,,,battery_charge_total,False,citylearn_v2.evaluate_v2,31048.290894806385,citylearn_v2_original,hour_rbc,D:\MADRLCitytleranflexresdr\outputs\citylearn_v2_original_benchmark\hour_rbc\E1_seed_0,D:\MADRLCitytleranflexresdr\outputs\citylearn_v2_original_benchmark\hour_rbc\E1_seed_0\figures\tables\objective_kpis.csv
True,OE1,Flexibilidad energetica,,,,battery_discharge_total,False,citylearn_v2.evaluate_v2,24750.353607565165,citylearn_v2_original,hour_rbc,D:\MADRLCitytleranflexresdr\outputs\citylearn_v2_original_benchmark\hour_rbc\E1_seed_0,D:\MADRLCitytleranflexresdr\outputs\citylearn_v2_original_benchmark\hour_rbc\E1_seed_0\figures\tables\objective_kpis.csv
True,OE1,Flexibilidad energetica,,,,battery_equivalent_full_cycles,False,citylearn_v2.evaluate_v2,256.4275942204574,citylearn_v2_original,hour_rbc,D:\MADRLCitytleranflexresdr\outputs\citylearn_v2_original_benchmark\hour_rbc\E1_seed_0,D:\MADRLCitytleranflexresdr\outputs\citylearn_v2_original_benchmark\hour_rbc\E1_seed_0\figures\tables\objective_kpis.csv
True,OE1,Flexibilidad energetica,,,,battery_throughput_total,False,citylearn_v2.evaluate_v2,55798.64450237155,citylearn_v2_original,hour_rbc,D:\MADRLCitytleranflexresdr\outputs\citylearn_v2_original_benchmark\hour_rbc\E1_seed_0,D:\MADRLCitytleranflexresdr\outputs\citylearn_v2_original_benchmark\hour_rbc\E1_seed_0\figures\tables\objective_kpis.csv
False,OE1,Flexibilidad energetica,,,,community_import_share,False,citylearn_v2.evaluate_v2,,citylearn_v2_original,hour_rbc,D:\MADRLCitytleranflexresdr\outputs\citylearn_v2_original_benchmark\hour_rbc\E1_seed_0,D:\MADRLCitytleranflexresdr\outputs\citylearn_v2_original_benchmark\hour_rbc\E1_seed_0\figures\tables\objective_kpis.csv
False,OE1,Flexibilidad energetica,,,,community_local_traded_daily_average,False,citylearn_v2.evaluate_v2,,citylearn_v2_original,hour_rbc,D:\MADRLCitytleranflexresdr\outputs\citylearn_v2_original_benchmark\hour_rbc\E1_seed_0,D:\MADRLCitytleranflexresdr\outputs\citylearn_v2_original_benchmark\hour_rbc\E1_seed_0\figures\tables\objective_kpis.csv
False,OE1,Flexibilidad energetica,,,,community_local_traded_total,False,citylearn_v2.evaluate_v2,,citylearn_v2_original,hour_rbc,D:\MADRLCitytleranflexresdr\outputs\citylearn_v2_original_benchmark\hour_rbc\E1_seed_0,D:\MADRLCitytleranflexresdr\outputs\citylearn_v2_original_benchmark\hour_rbc\E1_seed_0\figures\tables\objective_kpis.csv
True,OE1,Flexibilidad energetica,,,,ev_charge_total,False,citylearn_v2.evaluate_v2,37497.81816992164,citylearn_v2_original,hour_rbc,D:\MADRLCitytleranflexresdr\outputs\citylearn_v2_original_benchmark\hour_rbc\E1_seed_0,D:\MADRLCitytleranflexresdr\outputs\citylearn_v2_original_benchmark\hour_rbc\E1_seed_0\figures\tables\objective_kpis.csv
True,OE1,Flexibilidad energetica,,,,ev_departure_count,True,citylearn_v2.evaluate_v2,2787.0,citylearn_v2_original,hour_rbc,D:\MADRLCitytleranflexresdr\outputs\citylearn_v2_original_benchmark\hour_rbc\E1_seed_0,D:\MADRLCitytleranflexresdr\outputs\citylearn_v2_original_benchmark\hour_rbc\E1_seed_0\figures\tables\objective_kpis.csv
True,OE1,Flexibilidad energetica,,,,ev_departure_met_count,False,citylearn_v2.evaluate_v2,188.0,citylearn_v2_original,hour_rbc,D:\MADRLCitytleranflexresdr\outputs\citylearn_v2_original_benchmark\hour_rbc\E1_seed_0,D:\MADRLCitytleranflexresdr\outputs\citylearn_v2_original_benchmark\hour_rbc\E1_seed_0\figures\tables\objective_kpis.csv
True,OE1,Flexibilidad energetica,,,,ev_departure_soc_deficit_mean,True,citylearn_v2.evaluate_v2,0.2644211790564455,citylearn_v2_original,hour_rbc,D:\MADRLCitytleranflexresdr\outputs\citylearn_v2_original_benchmark\hour_rbc\E1_seed_0,D:\MADRLCitytleranflexresdr\outputs\citylearn_v2_original_benchmark\hour_rbc\E1_seed_0\figures\tables\objective_kpis.csv
True,OE1,Flexibilidad energetica,,,,ev_departure_success_rate,False,citylearn_v2.evaluate_v2,0.0674560459275206,citylearn_v2_original,hour_rbc,D:\MADRLCitytleranflexresdr\outputs\citylearn_v2_original_benchmark\hour_rbc\E1_seed_0,D:\MADRLCitytleranflexresdr\outputs\citylearn_v2_original_benchmark\hour_rbc\E1_seed_0\figures\tables\objective_kpis.csv
True,OE1,Flexibilidad energetica,,,,ev_departure_within_tolerance_count,False,citylearn_v2.evaluate_v2,300.0,citylearn_v2_original,hour_rbc,D:\MADRLCitytleranflexresdr\outputs\citylearn_v2_original_benchmark\hour_rbc\E1_seed_0,D:\MADRLCitytleranflexresdr\outputs\citylearn_v2_original_benchmark\hour_rbc\E1_seed_0\figures\tables\objective_kpis.csv
True,OE1,Flexibilidad energetica,,,,ev_departure_within_tolerance_rate,False,citylearn_v2.evaluate_v2,0.1076426264800861,citylearn_v2_original,hour_rbc,D:\MADRLCitytleranflexresdr\outputs\citylearn_v2_original_benchmark\hour_rbc\E1_seed_0,D:\MADRLCitytleranflexresdr\outputs\citylearn_v2_original_benchmark\hour_rbc\E1_seed_0\figures\tables\objective_kpis.csv
True,OE1,Flexibilidad energetica,,,,ev_v2g_export_total,False,citylearn_v2.evaluate_v2,15437.333896301334,citylearn_v2_original,hour_rbc,D:\MADRLCitytleranflexresdr\outputs\citylearn_v2_original_benchmark\hour_rbc\E1_seed_0,D:\MADRLCitytleranflexresdr\outputs\citylearn_v2_original_benchmark\hour_rbc\E1_seed_0\figures\tables\objective_kpis.csv
True,OE1,Flexibilidad energetica,,,,grid_export_baseline,True,citylearn_v2.evaluate_v2,64470.68685300648,citylearn_v2_original,hour_rbc,D:\MADRLCitytleranflexresdr\outputs\citylearn_v2_original_benchmark\hour_rbc\E1_seed_0,D:\MADRLCitytleranflexresdr\outputs\citylearn_v2_original_benchmark\hour_rbc\E1_seed_0\figures\tables\objective_kpis.csv
True,OE1,Flexibilidad energetica,64470.68685300648,22243.92493709928,False,grid_export_control,True,citylearn_v2.evaluate_v2,86714.61179010576,citylearn_v2_original,hour_rbc,D:\MADRLCitytleranflexresdr\outputs\citylearn_v2_original_benchmark\hour_rbc\E1_seed_0,D:\MADRLCitytleranflexresdr\outputs\citylearn_v2_original_benchmark\hour_rbc\E1_seed_0\figures\tables\objective_kpis.csv
True,OE1,Flexibilidad energetica,0.0,11152.437077437093,False,grid_export_delta,True,citylearn_v2.evaluate_v2,11152.437077437093,citylearn_v2_original,hour_rbc,D:\MADRLCitytleranflexresdr\outputs\citylearn_v2_original_benchmark\hour_rbc\E1_seed_0,D:\MADRLCitytleranflexresdr\outputs\citylearn_v2_original_benchmark\hour_rbc\E1_seed_0\figures\tables\objective_kpis.csv
True,OE1,Flexibilidad energetica,1.0,0.3450238553812146,False,grid_export_ratio,True,citylearn_v2.evaluate_v2,1.3450238553812146,citylearn_v2_original,hour_rbc,D:\MADRLCitytleranflexresdr\outputs\citylearn_v2_original_benchmark\hour_rbc\E1_seed_0,D:\MADRLCitytleranflexresdr\outputs\citylearn_v2_original_benchmark\hour_rbc\E1_seed_0\figures\tables\objective_kpis.csv
True,OE1,Flexibilidad energetica,1.0,0.74844328019094,False,grid_import,True,citylearn_v2.evaluate_v2,1.74844328019094,citylearn_v2_original,hour_rbc,D:\MADRLCitytleranflexresdr\outputs\citylearn_v2_original_benchmark\hour_rbc\E1_seed_0,D:\MADRLCitytleranflexresdr\outputs\citylearn_v2_original_benchmark\hour_rbc\E1_seed_0\figures\tables\objective_kpis.csv
True,OE1,Flexibilidad energetica,,,,grid_import_baseline,True,citylearn_v2.evaluate_v2,88668.89653593302,citylearn_v2_original,hour_rbc,D:\MADRLCitytleranflexresdr\outputs\citylearn_v2_original_benchmark\hour_rbc\E1_seed_0,D:\MADRLCitytleranflexresdr\outputs\citylearn_v2_original_benchmark\hour_rbc\E1_seed_0\figures\tables\objective_kpis.csv
True,OE1,Flexibilidad energetica,88668.89653593302,50602.34670773748,False,grid_import_control,True,citylearn_v2.evaluate_v2,139271.2432436705,citylearn_v2_original,hour_rbc,D:\MADRLCitytleranflexresdr\outputs\citylearn_v2_original_benchmark\hour_rbc\E1_seed_0,D:\MADRLCitytleranflexresdr\outputs\citylearn_v2_original_benchmark\hour_rbc\E1_seed_0\figures\tables\objective_kpis.csv
True,OE1,Flexibilidad energetica,0.0,25370.499550979468,False,grid_import_delta,True,citylearn_v2.evaluate_v2,25370.499550979468,citylearn_v2_original,hour_rbc,D:\MADRLCitytleranflexresdr\outputs\citylearn_v2_original_benchmark\hour_rbc\E1_seed_0,D:\MADRLCitytleranflexresdr\outputs\citylearn_v2_original_benchmark\hour_rbc\E1_seed_0\figures\tables\objective_kpis.csv
True,OE1,Flexibilidad energetica,,,,net_exchange_baseline,True,citylearn_v2.evaluate_v2,24198.209682926536,citylearn_v2_original,hour_rbc,D:\MADRLCitytleranflexresdr\outputs\citylearn_v2_original_benchmark\hour_rbc\E1_seed_0,D:\MADRLCitytleranflexresdr\outputs\citylearn_v2_original_benchmark\hour_rbc\E1_seed_0\figures\tables\objective_kpis.csv
True,OE1,Flexibilidad energetica,24198.209682926536,28358.42177063822,False,net_exchange_control,True,citylearn_v2.evaluate_v2,52556.631453564754,citylearn_v2_original,hour_rbc,D:\MADRLCitytleranflexresdr\outputs\citylearn_v2_original_benchmark\hour_rbc\E1_seed_0,D:\MADRLCitytleranflexresdr\outputs\citylearn_v2_original_benchmark\hour_rbc\E1_seed_0\figures\tables\objective_kpis.csv
True,OE1,Flexibilidad energetica,0.0,14218.062473542384,False,net_exchange_delta,True,citylearn_v2.evaluate_v2,14218.062473542384,citylearn_v2_original,hour_rbc,D:\MADRLCitytleranflexresdr\outputs\citylearn_v2_original_benchmark\hour_rbc\E1_seed_0,D:\MADRLCitytleranflexresdr\outputs\citylearn_v2_original_benchmark\hour_rbc\E1_seed_0\figures\tables\objective_kpis.csv
True,OE1,Flexibilidad energetica,1.0,-0.073148152068863,True,one_minus_load_factor_average,True,citylearn_v2.evaluate_v2,0.926851847931137,citylearn_v2_original,hour_rbc,D:\MADRLCitytleranflexresdr\outputs\citylearn_v2_original_benchmark\hour_rbc\E1_seed_0,D:\MADRLCitytleranflexresdr\outputs\citylearn_v2_original_benchmark\hour_rbc\E1_seed_0\figures\tables\objective_kpis.csv
True,OE1,Flexibilidad energetica,1.0,0.3597728858801228,False,peak_average,True,citylearn_v2.evaluate_v2,1.3597728858801228,citylearn_v2_original,hour_rbc,D:\MADRLCitytleranflexresdr\outputs\citylearn_v2_original_benchmark\hour_rbc\E1_seed_0,D:\MADRLCitytleranflexresdr\outputs\citylearn_v2_original_benchmark\hour_rbc\E1_seed_0\figures\tables\objective_kpis.csv
True,OE1,Flexibilidad energetica,,,,pv_export_daily_average,True,citylearn_v2.evaluate_v2,257.8279284692961,citylearn_v2_original,hour_rbc,D:\MADRLCitytleranflexresdr\outputs\citylearn_v2_original_benchmark\hour_rbc\E1_seed_0,D:\MADRLCitytleranflexresdr\outputs\citylearn_v2_original_benchmark\hour_rbc\E1_seed_0\figures\tables\objective_kpis.csv
True,OE1,Flexibilidad energetica,,,,pv_export_total,True,citylearn_v2.evaluate_v2,94096.4510609402,citylearn_v2_original,hour_rbc,D:\MADRLCitytleranflexresdr\outputs\citylearn_v2_original_benchmark\hour_rbc\E1_seed_0,D:\MADRLCitytleranflexresdr\outputs\citylearn_v2_original_benchmark\hour_rbc\E1_seed_0\figures\tables\objective_kpis.csv
True,OE1,Flexibilidad energetica,,,,pv_generation_daily_average,False,citylearn_v2.evaluate_v2,398.4627498423695,citylearn_v2_original,hour_rbc,D:\MADRLCitytleranflexresdr\outputs\citylearn_v2_original_benchmark\hour_rbc\E1_seed_0,D:\MADRLCitytleranflexresdr\outputs\citylearn_v2_original_benchmark\hour_rbc\E1_seed_0\figures\tables\objective_kpis.csv
True,OE1,Flexibilidad energetica,,,,pv_generation_total,False,citylearn_v2.evaluate_v2,145422.30107788809,citylearn_v2_original,hour_rbc,D:\MADRLCitytleranflexresdr\outputs\citylearn_v2_original_benchmark\hour_rbc\E1_seed_0,D:\MADRLCitytleranflexresdr\outputs\citylearn_v2_original_benchmark\hour_rbc\E1_seed_0\figures\tables\objective_kpis.csv
True,OE1,Flexibilidad energetica,,,,pv_self_consumption_ratio,False,citylearn_v2.evaluate_v2,0.3529434594041928,citylearn_v2_original,hour_rbc,D:\MADRLCitytleranflexresdr\outputs\citylearn_v2_original_benchmark\hour_rbc\E1_seed_0,D:\MADRLCitytleranflexresdr\outputs\citylearn_v2_original_benchmark\hour_rbc\E1_seed_0\figures\tables\objective_kpis.csv
True,OE1,Flexibilidad energetica,1.0,0.3541804033812399,False,ramping_average,True,citylearn_v2.evaluate_v2,1.35418040338124,citylearn_v2_original,hour_rbc,D:\MADRLCitytleranflexresdr\outputs\citylearn_v2_original_benchmark\hour_rbc\E1_seed_0,D:\MADRLCitytleranflexresdr\outputs\citylearn_v2_original_benchmark\hour_rbc\E1_seed_0\figures\tables\objective_kpis.csv
True,OE1,Flexibilidad energetica,1.0,-1.1419172785453078,True,zero_net_energy,True,citylearn_v2.evaluate_v2,-0.1419172785453077,citylearn_v2_original,hour_rbc,D:\MADRLCitytleranflexresdr\outputs\citylearn_v2_original_benchmark\hour_rbc\E1_seed_0,D:\MADRLCitytleranflexresdr\outputs\citylearn_v2_original_benchmark\hour_rbc\E1_seed_0\figures\tables\objective_kpis.csv
True,OE2,Emisiones de CO2,1.0,0.6200938460460665,False,carbon_emissions,True,citylearn_v2.evaluate_v2,1.6200938460460663,citylearn_v2_original,hour_rbc,D:\MADRLCitytleranflexresdr\outputs\citylearn_v2_original_benchmark\hour_rbc\E1_seed_0,D:\MADRLCitytleranflexresdr\outputs\citylearn_v2_original_benchmark\hour_rbc\E1_seed_0\figures\tables\objective_kpis.csv
True,OE2,Emisiones de CO2,,,,carbon_emissions_baseline,True,citylearn_v2.evaluate_v2,16636.379674343843,citylearn_v2_original,hour_rbc,D:\MADRLCitytleranflexresdr\outputs\citylearn_v2_original_benchmark\hour_rbc\E1_seed_0,D:\MADRLCitytleranflexresdr\outputs\citylearn_v2_original_benchmark\hour_rbc\E1_seed_0\figures\tables\objective_kpis.csv
True,OE2,Emisiones de CO2,16636.379674343843,7033.620257438837,False,carbon_emissions_control,True,citylearn_v2.evaluate_v2,23669.99993178268,citylearn_v2_original,hour_rbc,D:\MADRLCitytleranflexresdr\outputs\citylearn_v2_original_benchmark\hour_rbc\E1_seed_0,D:\MADRLCitytleranflexresdr\outputs\citylearn_v2_original_benchmark\hour_rbc\E1_seed_0\figures\tables\objective_kpis.csv
True,OE2,Emisiones de CO2,,,,carbon_emissions_daily_average_baseline,True,citylearn_v2.evaluate_v2,45.584326085655015,citylearn_v2_original,hour_rbc,D:\MADRLCitytleranflexresdr\outputs\citylearn_v2_original_benchmark\hour_rbc\E1_seed_0,D:\MADRLCitytleranflexresdr\outputs\citylearn_v2_original_benchmark\hour_rbc\E1_seed_0\figures\tables\objective_kpis.csv
True,OE2,Emisiones de CO2,45.584326085655015,19.27239253094327,False,carbon_emissions_daily_average_control,True,citylearn_v2.evaluate_v2,64.85671861659829,citylearn_v2_original,hour_rbc,D:\MADRLCitytleranflexresdr\outputs\citylearn_v2_original_benchmark\hour_rbc\E1_seed_0,D:\MADRLCitytleranflexresdr\outputs\citylearn_v2_original_benchmark\hour_rbc\E1_seed_0\figures\tables\objective_kpis.csv
True,OE2,Emisiones de CO2,0.0,19.27239253094327,False,carbon_emissions_daily_average_delta,True,citylearn_v2.evaluate_v2,19.27239253094327,citylearn_v2_original,hour_rbc,D:\MADRLCitytleranflexresdr\outputs\citylearn_v2_original_benchmark\hour_rbc\E1_seed_0,D:\MADRLCitytleranflexresdr\outputs\citylearn_v2_original_benchmark\hour_rbc\E1_seed_0\figures\tables\objective_kpis.csv
True,OE2,Emisiones de CO2,0.0,3526.44632498489,False,carbon_emissions_delta,True,citylearn_v2.evaluate_v2,3526.44632498489,citylearn_v2_original,hour_rbc,D:\MADRLCitytleranflexresdr\outputs\citylearn_v2_original_benchmark\hour_rbc\E1_seed_0,D:\MADRLCitytleranflexresdr\outputs\citylearn_v2_original_benchmark\hour_rbc\E1_seed_0\figures\tables\objective_kpis.csv
True,OE3,Costos energeticos,1.0,-0.073148152068863,True,cost_one_minus_load_factor_average,True,citylearn_v2.evaluate_v2,0.926851847931137,citylearn_v2_original,hour_rbc,D:\MADRLCitytleranflexresdr\outputs\citylearn_v2_original_benchmark\hour_rbc\E1_seed_0,D:\MADRLCitytleranflexresdr\outputs\citylearn_v2_original_benchmark\hour_rbc\E1_seed_0\figures\tables\objective_kpis.csv
True,OE3,Costos energeticos,1.0,0.3597728858801228,False,cost_peak_average,True,citylearn_v2.evaluate_v2,1.3597728858801228,citylearn_v2_original,hour_rbc,D:\MADRLCitytleranflexresdr\outputs\citylearn_v2_original_benchmark\hour_rbc\E1_seed_0,D:\MADRLCitytleranflexresdr\outputs\citylearn_v2_original_benchmark\hour_rbc\E1_seed_0\figures\tables\objective_kpis.csv
True,OE3,Costos energeticos,1.0,0.3541804033812399,False,cost_ramping_average,True,citylearn_v2.evaluate_v2,1.35418040338124,citylearn_v2_original,hour_rbc,D:\MADRLCitytleranflexresdr\outputs\citylearn_v2_original_benchmark\hour_rbc\E1_seed_0,D:\MADRLCitytleranflexresdr\outputs\citylearn_v2_original_benchmark\hour_rbc\E1_seed_0\figures\tables\objective_kpis.csv
True,OE3,Costos energeticos,1.0,-5.277738864009093,True,electricity_cost,True,citylearn_v2.evaluate_v2,-4.277738864009093,citylearn_v2_original,hour_rbc,D:\MADRLCitytleranflexresdr\outputs\citylearn_v2_original_benchmark\hour_rbc\E1_seed_0,D:\MADRLCitytleranflexresdr\outputs\citylearn_v2_original_benchmark\hour_rbc\E1_seed_0\figures\tables\objective_kpis.csv
True,OE3,Costos energeticos,,,,electricity_cost_baseline,True,citylearn_v2.evaluate_v2,-927.5233564350056,citylearn_v2_original,hour_rbc,D:\MADRLCitytleranflexresdr\outputs\citylearn_v2_original_benchmark\hour_rbc\E1_seed_0,D:\MADRLCitytleranflexresdr\outputs\citylearn_v2_original_benchmark\hour_rbc\E1_seed_0\figures\tables\objective_kpis.csv
True,OE3,Costos energeticos,-927.5233564350056,4895.226065533188,False,electricity_cost_control,True,citylearn_v2.evaluate_v2,3967.702709098182,citylearn_v2_original,hour_rbc,D:\MADRLCitytleranflexresdr\outputs\citylearn_v2_original_benchmark\hour_rbc\E1_seed_0,D:\MADRLCitytleranflexresdr\outputs\citylearn_v2_original_benchmark\hour_rbc\E1_seed_0\figures\tables\objective_kpis.csv
True,OE3,Costos energeticos,,,,electricity_cost_daily_average_baseline,True,citylearn_v2.evaluate_v2,-2.5414500005069227,citylearn_v2_original,hour_rbc,D:\MADRLCitytleranflexresdr\outputs\citylearn_v2_original_benchmark\hour_rbc\E1_seed_0,D:\MADRLCitytleranflexresdr\outputs\citylearn_v2_original_benchmark\hour_rbc\E1_seed_0\figures\tables\objective_kpis.csv
True,OE3,Costos energeticos,-2.5414500005069227,13.413109438611317,False,electricity_cost_daily_average_control,True,citylearn_v2.evaluate_v2,10.871659438104391,citylearn_v2_original,hour_rbc,D:\MADRLCitytleranflexresdr\outputs\citylearn_v2_original_benchmark\hour_rbc\E1_seed_0,D:\MADRLCitytleranflexresdr\outputs\citylearn_v2_original_benchmark\hour_rbc\E1_seed_0\figures\tables\objective_kpis.csv
True,OE3,Costos energeticos,0.0,13.413109438611317,False,electricity_cost_daily_average_delta,True,citylearn_v2.evaluate_v2,13.413109438611317,citylearn_v2_original,hour_rbc,D:\MADRLCitytleranflexresdr\outputs\citylearn_v2_original_benchmark\hour_rbc\E1_seed_0,D:\MADRLCitytleranflexresdr\outputs\citylearn_v2_original_benchmark\hour_rbc\E1_seed_0\figures\tables\objective_kpis.csv
True,OE3,Costos energeticos,0.0,2454.3195874859,False,electricity_cost_delta,True,citylearn_v2.evaluate_v2,2454.3195874859,citylearn_v2_original,hour_rbc,D:\MADRLCitytleranflexresdr\outputs\citylearn_v2_original_benchmark\hour_rbc\E1_seed_0,D:\MADRLCitytleranflexresdr\outputs\citylearn_v2_original_benchmark\hour_rbc\E1_seed_0\figures\tables\objective_kpis.csv
True,OE3,Costos energeticos,0.6008859295206851,-0.057141834622615,True,price_signal_deviation,True,derived_from_citylearn_v2_timeseries,0.5437440948980701,citylearn_v2_original,hour_rbc,D:\MADRLCitytleranflexresdr\outputs\citylearn_v2_original_benchmark\hour_rbc\E1_seed_0,D:\MADRLCitytleranflexresdr\outputs\citylearn_v2_original_benchmark\hour_rbc\E1_seed_0\figures\tables\objective_kpis.csv
True,OE1,Flexibilidad energetica,,,,battery_capacity_fade_ratio,True,citylearn_v2.evaluate_v2,2.69326532687986e-05,citylearn_v3_madrl,MAAC,D:\MADRLCitytleranflexresdr\outputs\madrl_v3_20260627_164047\MAAC\E1,D:\MADRLCitytleranflexresdr\outputs\madrl_v3_20260627_164047\MAAC\E1\figures\tables\objective_kpis.csv
True,OE1,Flexibilidad energetica,,,,battery_charge_total,False,citylearn_v2.evaluate_v2,181649.98978283536,citylearn_v3_madrl,MAAC,D:\MADRLCitytleranflexresdr\outputs\madrl_v3_20260627_164047\MAAC\E1,D:\MADRLCitytleranflexresdr\outputs\madrl_v3_20260627_164047\MAAC\E1\figures\tables\objective_kpis.csv
True,OE1,Flexibilidad energetica,,,,battery_discharge_total,False,citylearn_v2.evaluate_v2,159375.30118182607,citylearn_v3_madrl,MAAC,D:\MADRLCitytleranflexresdr\outputs\madrl_v3_20260627_164047\MAAC\E1,D:\MADRLCitytleranflexresdr\outputs\madrl_v3_20260627_164047\MAAC\E1\figures\tables\objective_kpis.csv
True,OE1,Flexibilidad energetica,,,,battery_equivalent_full_cycles,False,citylearn_v2.evaluate_v2,6.491762943818274,citylearn_v3_madrl,MAAC,D:\MADRLCitytleranflexresdr\outputs\madrl_v3_20260627_164047\MAAC\E1,D:\MADRLCitytleranflexresdr\outputs\madrl_v3_20260627_164047\MAAC\E1\figures\tables\objective_kpis.csv
True,OE1,Flexibilidad energetica,,,,battery_throughput_total,False,citylearn_v2.evaluate_v2,341025.2909646616,citylearn_v3_madrl,MAAC,D:\MADRLCitytleranflexresdr\outputs\madrl_v3_20260627_164047\MAAC\E1,D:\MADRLCitytleranflexresdr\outputs\madrl_v3_20260627_164047\MAAC\E1\figures\tables\objective_kpis.csv
True,OE1,Flexibilidad energetica,,,,community_import_share,False,citylearn_v2.evaluate_v2,0.0991041130990253,citylearn_v3_madrl,MAAC,D:\MADRLCitytleranflexresdr\outputs\madrl_v3_20260627_164047\MAAC\E1,D:\MADRLCitytleranflexresdr\outputs\madrl_v3_20260627_164047\MAAC\E1\figures\tables\objective_kpis.csv
True,OE1,Flexibilidad energetica,,,,community_local_traded_daily_average,False,citylearn_v2.evaluate_v2,3391.082297380781,citylearn_v3_madrl,MAAC,D:\MADRLCitytleranflexresdr\outputs\madrl_v3_20260627_164047\MAAC\E1,D:\MADRLCitytleranflexresdr\outputs\madrl_v3_20260627_164047\MAAC\E1\figures\tables\objective_kpis.csv
True,OE1,Flexibilidad energetica,,,,community_local_traded_total,False,citylearn_v2.evaluate_v2,1237603.7434482607,citylearn_v3_madrl,MAAC,D:\MADRLCitytleranflexresdr\outputs\madrl_v3_20260627_164047\MAAC\E1,D:\MADRLCitytleranflexresdr\outputs\madrl_v3_20260627_164047\MAAC\E1\figures\tables\objective_kpis.csv
True,OE1,Flexibilidad energetica,,,,ev_charge_total,False,citylearn_v2.evaluate_v2,11085.42650088668,citylearn_v3_madrl,MAAC,D:\MADRLCitytleranflexresdr\outputs\madrl_v3_20260627_164047\MAAC\E1,D:\MADRLCitytleranflexresdr\outputs\madrl_v3_20260627_164047\MAAC\E1\figures\tables\objective_kpis.csv
True,OE1,Flexibilidad energetica,,,,ev_departure_count,True,citylearn_v2.evaluate_v2,39682.0,citylearn_v3_madrl,MAAC,D:\MADRLCitytleranflexresdr\outputs\madrl_v3_20260627_164047\MAAC\E1,D:\MADRLCitytleranflexresdr\outputs\madrl_v3_20260627_164047\MAAC\E1\figures\tables\objective_kpis.csv
True,OE1,Flexibilidad energetica,,,,ev_departure_met_count,False,citylearn_v2.evaluate_v2,1677.0,citylearn_v3_madrl,MAAC,D:\MADRLCitytleranflexresdr\outputs\madrl_v3_20260627_164047\MAAC\E1,D:\MADRLCitytleranflexresdr\outputs\madrl_v3_20260627_164047\MAAC\E1\figures\tables\objective_kpis.csv
True,OE1,Flexibilidad energetica,,,,ev_departure_soc_deficit_mean,True,citylearn_v2.evaluate_v2,0.5001015868844906,citylearn_v3_madrl,MAAC,D:\MADRLCitytleranflexresdr\outputs\madrl_v3_20260627_164047\MAAC\E1,D:\MADRLCitytleranflexresdr\outputs\madrl_v3_20260627_164047\MAAC\E1\figures\tables\objective_kpis.csv
True,OE1,Flexibilidad energetica,,,,ev_departure_success_rate,False,citylearn_v2.evaluate_v2,0.0422609747492565,citylearn_v3_madrl,MAAC,D:\MADRLCitytleranflexresdr\outputs\madrl_v3_20260627_164047\MAAC\E1,D:\MADRLCitytleranflexresdr\outputs\madrl_v3_20260627_164047\MAAC\E1\figures\tables\objective_kpis.csv
True,OE1,Flexibilidad energetica,,,,ev_departure_within_tolerance_count,False,citylearn_v2.evaluate_v2,542.0,citylearn_v3_madrl,MAAC,D:\MADRLCitytleranflexresdr\outputs\madrl_v3_20260627_164047\MAAC\E1,D:\MADRLCitytleranflexresdr\outputs\madrl_v3_20260627_164047\MAAC\E1\figures\tables\objective_kpis.csv
True,OE1,Flexibilidad energetica,,,,ev_departure_within_tolerance_rate,False,citylearn_v2.evaluate_v2,0.0136585857567662,citylearn_v3_madrl,MAAC,D:\MADRLCitytleranflexresdr\outputs\madrl_v3_20260627_164047\MAAC\E1,D:\MADRLCitytleranflexresdr\outputs\madrl_v3_20260627_164047\MAAC\E1\figures\tables\objective_kpis.csv
True,OE1,Flexibilidad energetica,,,,ev_v2g_export_total,False,citylearn_v2.evaluate_v2,3710.111443613656,citylearn_v3_madrl,MAAC,D:\MADRLCitytleranflexresdr\outputs\madrl_v3_20260627_164047\MAAC\E1,D:\MADRLCitytleranflexresdr\outputs\madrl_v3_20260627_164047\MAAC\E1\figures\tables\objective_kpis.csv
True,OE1,Flexibilidad energetica,,,,grid_export_baseline,True,citylearn_v2.evaluate_v2,39642401.10018158,citylearn_v3_madrl,MAAC,D:\MADRLCitytleranflexresdr\outputs\madrl_v3_20260627_164047\MAAC\E1,D:\MADRLCitytleranflexresdr\outputs\madrl_v3_20260627_164047\MAAC\E1\figures\tables\objective_kpis.csv
True,OE1,Flexibilidad energetica,39642401.10018158,-13643.76324930787,True,grid_export_control,True,citylearn_v2.evaluate_v2,39628757.33693227,citylearn_v3_madrl,MAAC,D:\MADRLCitytleranflexresdr\outputs\madrl_v3_20260627_164047\MAAC\E1,D:\MADRLCitytleranflexresdr\outputs\madrl_v3_20260627_164047\MAAC\E1\figures\tables\objective_kpis.csv
True,OE1,Flexibilidad energetica,0.0,-6840.573845111944,True,grid_export_delta,True,citylearn_v2.evaluate_v2,-6840.573845111944,citylearn_v3_madrl,MAAC,D:\MADRLCitytleranflexresdr\outputs\madrl_v3_20260627_164047\MAAC\E1,D:\MADRLCitytleranflexresdr\outputs\madrl_v3_20260627_164047\MAAC\E1\figures\tables\objective_kpis.csv
True,OE1,Flexibilidad energetica,1.0,-0.0003441709601501,True,grid_export_ratio,True,citylearn_v2.evaluate_v2,0.9996558290398498,citylearn_v3_madrl,MAAC,D:\MADRLCitytleranflexresdr\outputs\madrl_v3_20260627_164047\MAAC\E1,D:\MADRLCitytleranflexresdr\outputs\madrl_v3_20260627_164047\MAAC\E1\figures\tables\objective_kpis.csv
True,OE1,Flexibilidad energetica,1.0,0.0276972293849528,False,grid_import,True,citylearn_v2.evaluate_v2,1.027697229384953,citylearn_v3_madrl,MAAC,D:\MADRLCitytleranflexresdr\outputs\madrl_v3_20260627_164047\MAAC\E1,D:\MADRLCitytleranflexresdr\outputs\madrl_v3_20260627_164047\MAAC\E1\figures\tables\objective_kpis.csv
True,OE1,Flexibilidad energetica,,,,grid_import_baseline,True,citylearn_v2.evaluate_v2,12471908.741031649,citylearn_v3_madrl,MAAC,D:\MADRLCitytleranflexresdr\outputs\madrl_v3_20260627_164047\MAAC\E1,D:\MADRLCitytleranflexresdr\outputs\madrl_v3_20260627_164047\MAAC\E1\figures\tables\objective_kpis.csv
True,OE1,Flexibilidad energetica,12471908.741031649,16006.288404524326,False,grid_import_control,True,citylearn_v2.evaluate_v2,12487915.029436173,citylearn_v3_madrl,MAAC,D:\MADRLCitytleranflexresdr\outputs\madrl_v3_20260627_164047\MAAC\E1,D:\MADRLCitytleranflexresdr\outputs\madrl_v3_20260627_164047\MAAC\E1\figures\tables\objective_kpis.csv
True,OE1,Flexibilidad energetica,0.0,8025.073128036143,False,grid_import_delta,True,citylearn_v2.evaluate_v2,8025.073128036143,citylearn_v3_madrl,MAAC,D:\MADRLCitytleranflexresdr\outputs\madrl_v3_20260627_164047\MAAC\E1,D:\MADRLCitytleranflexresdr\outputs\madrl_v3_20260627_164047\MAAC\E1\figures\tables\objective_kpis.csv
True,OE1,Flexibilidad energetica,,,,net_exchange_baseline,True,citylearn_v2.evaluate_v2,-27170492.359149933,citylearn_v3_madrl,MAAC,D:\MADRLCitytleranflexresdr\outputs\madrl_v3_20260627_164047\MAAC\E1,D:\MADRLCitytleranflexresdr\outputs\madrl_v3_20260627_164047\MAAC\E1\figures\tables\objective_kpis.csv
True,OE1,Flexibilidad energetica,-27170492.359149933,29650.051653828472,False,net_exchange_control,True,citylearn_v2.evaluate_v2,-27140842.307496104,citylearn_v3_madrl,MAAC,D:\MADRLCitytleranflexresdr\outputs\madrl_v3_20260627_164047\MAAC\E1,D:\MADRLCitytleranflexresdr\outputs\madrl_v3_20260627_164047\MAAC\E1\figures\tables\objective_kpis.csv
True,OE1,Flexibilidad energetica,0.0,14865.646973146218,False,net_exchange_delta,True,citylearn_v2.evaluate_v2,14865.646973146218,citylearn_v3_madrl,MAAC,D:\MADRLCitytleranflexresdr\outputs\madrl_v3_20260627_164047\MAAC\E1,D:\MADRLCitytleranflexresdr\outputs\madrl_v3_20260627_164047\MAAC\E1\figures\tables\objective_kpis.csv
True,OE1,Flexibilidad energetica,1.0,-0.0044178837601729,True,one_minus_load_factor_average,True,citylearn_v2.evaluate_v2,0.9955821162398272,citylearn_v3_madrl,MAAC,D:\MADRLCitytleranflexresdr\outputs\madrl_v3_20260627_164047\MAAC\E1,D:\MADRLCitytleranflexresdr\outputs\madrl_v3_20260627_164047\MAAC\E1\figures\tables\objective_kpis.csv
True,OE1,Flexibilidad energetica,1.0,0.0307016374943516,False,peak_average,True,citylearn_v2.evaluate_v2,1.0307016374943516,citylearn_v3_madrl,MAAC,D:\MADRLCitytleranflexresdr\outputs\madrl_v3_20260627_164047\MAAC\E1,D:\MADRLCitytleranflexresdr\outputs\madrl_v3_20260627_164047\MAAC\E1\figures\tables\objective_kpis.csv
True,OE1,Flexibilidad energetica,,,,pv_export_daily_average,True,citylearn_v2.evaluate_v2,111726.2682727422,citylearn_v3_madrl,MAAC,D:\MADRLCitytleranflexresdr\outputs\madrl_v3_20260627_164047\MAAC\E1,D:\MADRLCitytleranflexresdr\outputs\madrl_v3_20260627_164047\MAAC\E1\figures\tables\objective_kpis.csv
True,OE1,Flexibilidad energetica,,,,pv_export_total,True,citylearn_v2.evaluate_v2,40775432.65837287,citylearn_v3_madrl,MAAC,D:\MADRLCitytleranflexresdr\outputs\madrl_v3_20260627_164047\MAAC\E1,D:\MADRLCitytleranflexresdr\outputs\madrl_v3_20260627_164047\MAAC\E1\figures\tables\objective_kpis.csv
True,OE1,Flexibilidad energetica,,,,pv_generation_daily_average,False,citylearn_v2.evaluate_v2,136095.6394630498,citylearn_v3_madrl,MAAC,D:\MADRLCitytleranflexresdr\outputs\madrl_v3_20260627_164047\MAAC\E1,D:\MADRLCitytleranflexresdr\outputs\madrl_v3_20260627_164047\MAAC\E1\figures\tables\objective_kpis.csv
True,OE1,Flexibilidad energetica,,,,pv_generation_total,False,citylearn_v2.evaluate_v2,49669237.75236888,citylearn_v3_madrl,MAAC,D:\MADRLCitytleranflexresdr\outputs\madrl_v3_20260627_164047\MAAC\E1,D:\MADRLCitytleranflexresdr\outputs\madrl_v3_20260627_164047\MAAC\E1\figures\tables\objective_kpis.csv
True,OE1,Flexibilidad energetica,,,,pv_self_consumption_ratio,False,citylearn_v2.evaluate_v2,0.1790606318207859,citylearn_v3_madrl,MAAC,D:\MADRLCitytleranflexresdr\outputs\madrl_v3_20260627_164047\MAAC\E1,D:\MADRLCitytleranflexresdr\outputs\madrl_v3_20260627_164047\MAAC\E1\figures\tables\objective_kpis.csv
True,OE1,Flexibilidad energetica,1.0,0.010993644889474,False,ramping_average,True,citylearn_v2.evaluate_v2,1.010993644889474,citylearn_v3_madrl,MAAC,D:\MADRLCitytleranflexresdr\outputs\madrl_v3_20260627_164047\MAAC\E1,D:\MADRLCitytleranflexresdr\outputs\madrl_v3_20260627_164047\MAAC\E1\figures\tables\objective_kpis.csv
True,OE1,Flexibilidad energetica,1.0,-0.0013243989665132,True,zero_net_energy,True,citylearn_v2.evaluate_v2,0.9986756010334868,citylearn_v3_madrl,MAAC,D:\MADRLCitytleranflexresdr\outputs\madrl_v3_20260627_164047\MAAC\E1,D:\MADRLCitytleranflexresdr\outputs\madrl_v3_20260627_164047\MAAC\E1\figures\tables\objective_kpis.csv
True,OE2,Emisiones de CO2,1.0,0.0279904744395533,False,carbon_emissions,True,citylearn_v2.evaluate_v2,1.0279904744395534,citylearn_v3_madrl,MAAC,D:\MADRLCitytleranflexresdr\outputs\madrl_v3_20260627_164047\MAAC\E1,D:\MADRLCitytleranflexresdr\outputs\madrl_v3_20260627_164047\MAAC\E1\figures\tables\objective_kpis.csv
True,OE2,Emisiones de CO2,,,,carbon_emissions_baseline,True,citylearn_v2.evaluate_v2,10417463.817999348,citylearn_v3_madrl,MAAC,D:\MADRLCitytleranflexresdr\outputs\madrl_v3_20260627_164047\MAAC\E1,D:\MADRLCitytleranflexresdr\outputs\madrl_v3_20260627_164047\MAAC\E1\figures\tables\objective_kpis.csv
True,OE2,Emisiones de CO2,10417463.817999348,76920.92543883435,False,carbon_emissions_control,True,citylearn_v2.evaluate_v2,10494384.743438182,citylearn_v3_madrl,MAAC,D:\MADRLCitytleranflexresdr\outputs\madrl_v3_20260627_164047\MAAC\E1,D:\MADRLCitytleranflexresdr\outputs\madrl_v3_20260627_164047\MAAC\E1\figures\tables\objective_kpis.csv
True,OE2,Emisiones de CO2,,,,carbon_emissions_daily_average_baseline,True,citylearn_v2.evaluate_v2,28544.255238267426,citylearn_v3_madrl,MAAC,D:\MADRLCitytleranflexresdr\outputs\madrl_v3_20260627_164047\MAAC\E1,D:\MADRLCitytleranflexresdr\outputs\madrl_v3_20260627_164047\MAAC\E1\figures\tables\objective_kpis.csv
True,OE2,Emisiones de CO2,28544.255238267426,210.766321558629,False,carbon_emissions_daily_average_control,True,citylearn_v2.evaluate_v2,28755.02155982605,citylearn_v3_madrl,MAAC,D:\MADRLCitytleranflexresdr\outputs\madrl_v3_20260627_164047\MAAC\E1,D:\MADRLCitytleranflexresdr\outputs\madrl_v3_20260627_164047\MAAC\E1\figures\tables\objective_kpis.csv
True,OE2,Emisiones de CO2,0.0,210.76632155862825,False,carbon_emissions_daily_average_delta,True,citylearn_v2.evaluate_v2,210.76632155862825,citylearn_v3_madrl,MAAC,D:\MADRLCitytleranflexresdr\outputs\madrl_v3_20260627_164047\MAAC\E1,D:\MADRLCitytleranflexresdr\outputs\madrl_v3_20260627_164047\MAAC\E1\figures\tables\objective_kpis.csv
True,OE2,Emisiones de CO2,0.0,38565.84588019649,False,carbon_emissions_delta,True,citylearn_v2.evaluate_v2,38565.84588019649,citylearn_v3_madrl,MAAC,D:\MADRLCitytleranflexresdr\outputs\madrl_v3_20260627_164047\MAAC\E1,D:\MADRLCitytleranflexresdr\outputs\madrl_v3_20260627_164047\MAAC\E1\figures\tables\objective_kpis.csv
True,OE3,Costos energeticos,1.0,-0.0044178837601729,True,cost_one_minus_load_factor_average,True,citylearn_v2.evaluate_v2,0.9955821162398272,citylearn_v3_madrl,MAAC,D:\MADRLCitytleranflexresdr\outputs\madrl_v3_20260627_164047\MAAC\E1,D:\MADRLCitytleranflexresdr\outputs\madrl_v3_20260627_164047\MAAC\E1\figures\tables\objective_kpis.csv
True,OE3,Costos energeticos,1.0,0.0307016374943516,False,cost_peak_average,True,citylearn_v2.evaluate_v2,1.0307016374943516,citylearn_v3_madrl,MAAC,D:\MADRLCitytleranflexresdr\outputs\madrl_v3_20260627_164047\MAAC\E1,D:\MADRLCitytleranflexresdr\outputs\madrl_v3_20260627_164047\MAAC\E1\figures\tables\objective_kpis.csv
True,OE3,Costos energeticos,1.0,0.010993644889474,False,cost_ramping_average,True,citylearn_v2.evaluate_v2,1.010993644889474,citylearn_v3_madrl,MAAC,D:\MADRLCitytleranflexresdr\outputs\madrl_v3_20260627_164047\MAAC\E1,D:\MADRLCitytleranflexresdr\outputs\madrl_v3_20260627_164047\MAAC\E1\figures\tables\objective_kpis.csv
True,OE3,Costos energeticos,1.0,0.0012241160740908,False,electricity_cost,True,citylearn_v2.evaluate_v2,1.001224116074091,citylearn_v3_madrl,MAAC,D:\MADRLCitytleranflexresdr\outputs\madrl_v3_20260627_164047\MAAC\E1,D:\MADRLCitytleranflexresdr\outputs\madrl_v3_20260627_164047\MAAC\E1\figures\tables\objective_kpis.csv
True,OE3,Costos energeticos,,,,electricity_cost_baseline,True,citylearn_v2.evaluate_v2,5911410.430769732,citylearn_v3_madrl,MAAC,D:\MADRLCitytleranflexresdr\outputs\madrl_v3_20260627_164047\MAAC\E1,D:\MADRLCitytleranflexresdr\outputs\madrl_v3_20260627_164047\MAAC\E1\figures\tables\objective_kpis.csv
True,OE3,Costos energeticos,5911410.430769732,7236.252528853714,False,electricity_cost_control,True,citylearn_v2.evaluate_v2,5918646.683298586,citylearn_v3_madrl,MAAC,D:\MADRLCitytleranflexresdr\outputs\madrl_v3_20260627_164047\MAAC\E1,D:\MADRLCitytleranflexresdr\outputs\madrl_v3_20260627_164047\MAAC\E1\figures\tables\objective_kpis.csv
True,OE3,Costos energeticos,,,,electricity_cost_daily_average_baseline,True,citylearn_v2.evaluate_v2,16197.494044808036,citylearn_v3_madrl,MAAC,D:\MADRLCitytleranflexresdr\outputs\madrl_v3_20260627_164047\MAAC\E1,D:\MADRLCitytleranflexresdr\outputs\madrl_v3_20260627_164047\MAAC\E1\figures\tables\objective_kpis.csv
True,OE3,Costos energeticos,16197.494044808036,19.827612820239665,False,electricity_cost_daily_average_control,True,citylearn_v2.evaluate_v2,16217.321657628276,citylearn_v3_madrl,MAAC,D:\MADRLCitytleranflexresdr\outputs\madrl_v3_20260627_164047\MAAC\E1,D:\MADRLCitytleranflexresdr\outputs\madrl_v3_20260627_164047\MAAC\E1\figures\tables\objective_kpis.csv
True,OE3,Costos energeticos,0.0,19.8276128202408,False,electricity_cost_daily_average_delta,True,citylearn_v2.evaluate_v2,19.8276128202408,citylearn_v3_madrl,MAAC,D:\MADRLCitytleranflexresdr\outputs\madrl_v3_20260627_164047\MAAC\E1,D:\MADRLCitytleranflexresdr\outputs\madrl_v3_20260627_164047\MAAC\E1\figures\tables\objective_kpis.csv
True,OE3,Costos energeticos,0.0,3628.0400708369775,False,electricity_cost_delta,True,citylearn_v2.evaluate_v2,3628.0400708369775,citylearn_v3_madrl,MAAC,D:\MADRLCitytleranflexresdr\outputs\madrl_v3_20260627_164047\MAAC\E1,D:\MADRLCitytleranflexresdr\outputs\madrl_v3_20260627_164047\MAAC\E1\figures\tables\objective_kpis.csv
True,OE3,Costos energeticos,0.3793213483543036,0.0006075951079717,False,price_signal_deviation,True,derived_from_citylearn_v2_timeseries,0.3799289434622753,citylearn_v3_madrl,MAAC,D:\MADRLCitytleranflexresdr\outputs\madrl_v3_20260627_164047\MAAC\E1,D:\MADRLCitytleranflexresdr\outputs\madrl_v3_20260627_164047\MAAC\E1\figures\tables\objective_kpis.csv
True,OE1,Flexibilidad energetica,,,,battery_capacity_fade_ratio,True,citylearn_v2.evaluate_v2,5.10651804180305e-05,citylearn_v3_madrl,MASAC,D:\MADRLCitytleranflexresdr\outputs\madrl_v3_20260627_164047\MASAC\E1,D:\MADRLCitytleranflexresdr\outputs\madrl_v3_20260627_164047\MASAC\E1\figures\tables\objective_kpis.csv
True,OE1,Flexibilidad energetica,,,,battery_charge_total,False,citylearn_v2.evaluate_v2,332451.2102501957,citylearn_v3_madrl,MASAC,D:\MADRLCitytleranflexresdr\outputs\madrl_v3_20260627_164047\MASAC\E1,D:\MADRLCitytleranflexresdr\outputs\madrl_v3_20260627_164047\MASAC\E1\figures\tables\objective_kpis.csv
True,OE1,Flexibilidad energetica,,,,battery_discharge_total,False,citylearn_v2.evaluate_v2,291882.2389227986,citylearn_v3_madrl,MASAC,D:\MADRLCitytleranflexresdr\outputs\madrl_v3_20260627_164047\MASAC\E1,D:\MADRLCitytleranflexresdr\outputs\madrl_v3_20260627_164047\MASAC\E1\figures\tables\objective_kpis.csv
True,OE1,Flexibilidad energetica,,,,battery_equivalent_full_cycles,False,citylearn_v2.evaluate_v2,11.884821616785851,citylearn_v3_madrl,MASAC,D:\MADRLCitytleranflexresdr\outputs\madrl_v3_20260627_164047\MASAC\E1,D:\MADRLCitytleranflexresdr\outputs\madrl_v3_20260627_164047\MASAC\E1\figures\tables\objective_kpis.csv
True,OE1,Flexibilidad energetica,,,,battery_throughput_total,False,citylearn_v2.evaluate_v2,624333.4491729945,citylearn_v3_madrl,MASAC,D:\MADRLCitytleranflexresdr\outputs\madrl_v3_20260627_164047\MASAC\E1,D:\MADRLCitytleranflexresdr\outputs\madrl_v3_20260627_164047\MASAC\E1\figures\tables\objective_kpis.csv
True,OE1,Flexibilidad energetica,,,,community_import_share,False,citylearn_v2.evaluate_v2,0.0823660860230537,citylearn_v3_madrl,MASAC,D:\MADRLCitytleranflexresdr\outputs\madrl_v3_20260627_164047\MASAC\E1,D:\MADRLCitytleranflexresdr\outputs\madrl_v3_20260627_164047\MASAC\E1\figures\tables\objective_kpis.csv
True,OE1,Flexibilidad energetica,,,,community_local_traded_daily_average,False,citylearn_v2.evaluate_v2,2520.173910083967,citylearn_v3_madrl,MASAC,D:\MADRLCitytleranflexresdr\outputs\madrl_v3_20260627_164047\MASAC\E1,D:\MADRLCitytleranflexresdr\outputs\madrl_v3_20260627_164047\MASAC\E1\figures\tables\objective_kpis.csv
True,OE1,Flexibilidad energetica,,,,community_local_traded_total,False,citylearn_v2.evaluate_v2,919758.4699343944,citylearn_v3_madrl,MASAC,D:\MADRLCitytleranflexresdr\outputs\madrl_v3_20260627_164047\MASAC\E1,D:\MADRLCitytleranflexresdr\outputs\madrl_v3_20260627_164047\MASAC\E1\figures\tables\objective_kpis.csv
True,OE1,Flexibilidad energetica,,,,ev_charge_total,False,citylearn_v2.evaluate_v2,10720.165089577436,citylearn_v3_madrl,MASAC,D:\MADRLCitytleranflexresdr\outputs\madrl_v3_20260627_164047\MASAC\E1,D:\MADRLCitytleranflexresdr\outputs\madrl_v3_20260627_164047\MASAC\E1\figures\tables\objective_kpis.csv
True,OE1,Flexibilidad energetica,,,,ev_departure_count,True,citylearn_v2.evaluate_v2,39682.0,citylearn_v3_madrl,MASAC,D:\MADRLCitytleranflexresdr\outputs\madrl_v3_20260627_164047\MASAC\E1,D:\MADRLCitytleranflexresdr\outputs\madrl_v3_20260627_164047\MASAC\E1\figures\tables\objective_kpis.csv
True,OE1,Flexibilidad energetica,,,,ev_departure_met_count,False,citylearn_v2.evaluate_v2,1563.0,citylearn_v3_madrl,MASAC,D:\MADRLCitytleranflexresdr\outputs\madrl_v3_20260627_164047\MASAC\E1,D:\MADRLCitytleranflexresdr\outputs\madrl_v3_20260627_164047\MASAC\E1\figures\tables\objective_kpis.csv
True,OE1,Flexibilidad energetica,,,,ev_departure_soc_deficit_mean,True,citylearn_v2.evaluate_v2,0.5027141603949834,citylearn_v3_madrl,MASAC,D:\MADRLCitytleranflexresdr\outputs\madrl_v3_20260627_164047\MASAC\E1,D:\MADRLCitytleranflexresdr\outputs\madrl_v3_20260627_164047\MASAC\E1\figures\tables\objective_kpis.csv
True,OE1,Flexibilidad energetica,,,,ev_departure_success_rate,False,citylearn_v2.evaluate_v2,0.0393881356786452,citylearn_v3_madrl,MASAC,D:\MADRLCitytleranflexresdr\outputs\madrl_v3_20260627_164047\MASAC\E1,D:\MADRLCitytleranflexresdr\outputs\madrl_v3_20260627_164047\MASAC\E1\figures\tables\objective_kpis.csv
True,OE1,Flexibilidad energetica,,,,ev_departure_within_tolerance_count,False,citylearn_v2.evaluate_v2,469.0,citylearn_v3_madrl,MASAC,D:\MADRLCitytleranflexresdr\outputs\madrl_v3_20260627_164047\MASAC\E1,D:\MADRLCitytleranflexresdr\outputs\madrl_v3_20260627_164047\MASAC\E1\figures\tables\objective_kpis.csv
True,OE1,Flexibilidad energetica,,,,ev_departure_within_tolerance_rate,False,citylearn_v2.evaluate_v2,0.011818960737866,citylearn_v3_madrl,MASAC,D:\MADRLCitytleranflexresdr\outputs\madrl_v3_20260627_164047\MASAC\E1,D:\MADRLCitytleranflexresdr\outputs\madrl_v3_20260627_164047\MASAC\E1\figures\tables\objective_kpis.csv
True,OE1,Flexibilidad energetica,,,,ev_v2g_export_total,False,citylearn_v2.evaluate_v2,3833.1771123362714,citylearn_v3_madrl,MASAC,D:\MADRLCitytleranflexresdr\outputs\madrl_v3_20260627_164047\MASAC\E1,D:\MADRLCitytleranflexresdr\outputs\madrl_v3_20260627_164047\MASAC\E1\figures\tables\objective_kpis.csv
True,OE1,Flexibilidad energetica,,,,grid_export_baseline,True,citylearn_v2.evaluate_v2,40655093.25299454,citylearn_v3_madrl,MASAC,D:\MADRLCitytleranflexresdr\outputs\madrl_v3_20260627_164047\MASAC\E1,D:\MADRLCitytleranflexresdr\outputs\madrl_v3_20260627_164047\MASAC\E1\figures\tables\objective_kpis.csv
True,OE1,Flexibilidad energetica,40655093.25299454,11379.957263827324,False,grid_export_control,True,citylearn_v2.evaluate_v2,40666473.210258365,citylearn_v3_madrl,MASAC,D:\MADRLCitytleranflexresdr\outputs\madrl_v3_20260627_164047\MASAC\E1,D:\MADRLCitytleranflexresdr\outputs\madrl_v3_20260627_164047\MASAC\E1\figures\tables\objective_kpis.csv
True,OE1,Flexibilidad energetica,0.0,5705.569394234239,False,grid_export_delta,True,citylearn_v2.evaluate_v2,5705.569394234239,citylearn_v3_madrl,MASAC,D:\MADRLCitytleranflexresdr\outputs\madrl_v3_20260627_164047\MASAC\E1,D:\MADRLCitytleranflexresdr\outputs\madrl_v3_20260627_164047\MASAC\E1\figures\tables\objective_kpis.csv
True,OE1,Flexibilidad energetica,1.0,0.0002799146762009,False,grid_export_ratio,True,citylearn_v2.evaluate_v2,1.000279914676201,citylearn_v3_madrl,MASAC,D:\MADRLCitytleranflexresdr\outputs\madrl_v3_20260627_164047\MASAC\E1,D:\MADRLCitytleranflexresdr\outputs\madrl_v3_20260627_164047\MASAC\E1\figures\tables\objective_kpis.csv
True,OE1,Flexibilidad energetica,1.0,0.0526600476938445,False,grid_import,True,citylearn_v2.evaluate_v2,1.0526600476938446,citylearn_v3_madrl,MASAC,D:\MADRLCitytleranflexresdr\outputs\madrl_v3_20260627_164047\MASAC\E1,D:\MADRLCitytleranflexresdr\outputs\madrl_v3_20260627_164047\MASAC\E1\figures\tables\objective_kpis.csv
True,OE1,Flexibilidad energetica,,,,grid_import_baseline,True,citylearn_v2.evaluate_v2,11107877.379131315,citylearn_v3_madrl,MASAC,D:\MADRLCitytleranflexresdr\outputs\madrl_v3_20260627_164047\MASAC\E1,D:\MADRLCitytleranflexresdr\outputs\madrl_v3_20260627_164047\MASAC\E1\figures\tables\objective_kpis.csv
True,OE1,Flexibilidad energetica,11107877.379131315,58835.941166060045,False,grid_import_control,True,citylearn_v2.evaluate_v2,11166713.320297375,citylearn_v3_madrl,MASAC,D:\MADRLCitytleranflexresdr\outputs\madrl_v3_20260627_164047\MASAC\E1,D:\MADRLCitytleranflexresdr\outputs\madrl_v3_20260627_164047\MASAC\E1\figures\tables\objective_kpis.csv
True,OE1,Flexibilidad energetica,0.0,29498.57696435126,False,grid_import_delta,True,citylearn_v2.evaluate_v2,29498.57696435126,citylearn_v3_madrl,MASAC,D:\MADRLCitytleranflexresdr\outputs\madrl_v3_20260627_164047\MASAC\E1,D:\MADRLCitytleranflexresdr\outputs\madrl_v3_20260627_164047\MASAC\E1\figures\tables\objective_kpis.csv
True,OE1,Flexibilidad energetica,,,,net_exchange_baseline,True,citylearn_v2.evaluate_v2,-29547215.87386322,citylearn_v3_madrl,MASAC,D:\MADRLCitytleranflexresdr\outputs\madrl_v3_20260627_164047\MASAC\E1,D:\MADRLCitytleranflexresdr\outputs\madrl_v3_20260627_164047\MASAC\E1\figures\tables\objective_kpis.csv
True,OE1,Flexibilidad energetica,-29547215.87386322,47455.98390223086,False,net_exchange_control,True,citylearn_v2.evaluate_v2,-29499759.88996099,citylearn_v3_madrl,MASAC,D:\MADRLCitytleranflexresdr\outputs\madrl_v3_20260627_164047\MASAC\E1,D:\MADRLCitytleranflexresdr\outputs\madrl_v3_20260627_164047\MASAC\E1\figures\tables\objective_kpis.csv
True,OE1,Flexibilidad energetica,0.0,23793.00757011609,False,net_exchange_delta,True,citylearn_v2.evaluate_v2,23793.00757011609,citylearn_v3_madrl,MASAC,D:\MADRLCitytleranflexresdr\outputs\madrl_v3_20260627_164047\MASAC\E1,D:\MADRLCitytleranflexresdr\outputs\madrl_v3_20260627_164047\MASAC\E1\figures\tables\objective_kpis.csv
True,OE1,Flexibilidad energetica,1.0,-0.0213742883922686,True,one_minus_load_factor_average,True,citylearn_v2.evaluate_v2,0.9786257116077314,citylearn_v3_madrl,MASAC,D:\MADRLCitytleranflexresdr\outputs\madrl_v3_20260627_164047\MASAC\E1,D:\MADRLCitytleranflexresdr\outputs\madrl_v3_20260627_164047\MASAC\E1\figures\tables\objective_kpis.csv
True,OE1,Flexibilidad energetica,1.0,0.0850627613699077,False,peak_average,True,citylearn_v2.evaluate_v2,1.0850627613699078,citylearn_v3_madrl,MASAC,D:\MADRLCitytleranflexresdr\outputs\madrl_v3_20260627_164047\MASAC\E1,D:\MADRLCitytleranflexresdr\outputs\madrl_v3_20260627_164047\MASAC\E1\figures\tables\objective_kpis.csv
True,OE1,Flexibilidad energetica,,,,pv_export_daily_average,True,citylearn_v2.evaluate_v2,113456.12326822054,citylearn_v3_madrl,MASAC,D:\MADRLCitytleranflexresdr\outputs\madrl_v3_20260627_164047\MASAC\E1,D:\MADRLCitytleranflexresdr\outputs\madrl_v3_20260627_164047\MASAC\E1\figures\tables\objective_kpis.csv
True,OE1,Flexibilidad energetica,,,,pv_export_total,True,citylearn_v2.evaluate_v2,41406757.654430985,citylearn_v3_madrl,MASAC,D:\MADRLCitytleranflexresdr\outputs\madrl_v3_20260627_164047\MASAC\E1,D:\MADRLCitytleranflexresdr\outputs\madrl_v3_20260627_164047\MASAC\E1\figures\tables\objective_kpis.csv
True,OE1,Flexibilidad energetica,,,,pv_generation_daily_average,False,citylearn_v2.evaluate_v2,135736.1247659243,citylearn_v3_madrl,MASAC,D:\MADRLCitytleranflexresdr\outputs\madrl_v3_20260627_164047\MASAC\E1,D:\MADRLCitytleranflexresdr\outputs\madrl_v3_20260627_164047\MASAC\E1\figures\tables\objective_kpis.csv
True,OE1,Flexibilidad energetica,,,,pv_generation_total,False,citylearn_v2.evaluate_v2,49538029.86769711,citylearn_v3_madrl,MASAC,D:\MADRLCitytleranflexresdr\outputs\madrl_v3_20260627_164047\MASAC\E1,D:\MADRLCitytleranflexresdr\outputs\madrl_v3_20260627_164047\MASAC\E1\figures\tables\objective_kpis.csv
True,OE1,Flexibilidad energetica,,,,pv_self_consumption_ratio,False,citylearn_v2.evaluate_v2,0.1641420184650577,citylearn_v3_madrl,MASAC,D:\MADRLCitytleranflexresdr\outputs\madrl_v3_20260627_164047\MASAC\E1,D:\MADRLCitytleranflexresdr\outputs\madrl_v3_20260627_164047\MASAC\E1\figures\tables\objective_kpis.csv
True,OE1,Flexibilidad energetica,1.0,0.0219691691061643,False,ramping_average,True,citylearn_v2.evaluate_v2,1.0219691691061643,citylearn_v3_madrl,MASAC,D:\MADRLCitytleranflexresdr\outputs\madrl_v3_20260627_164047\MASAC\E1,D:\MADRLCitytleranflexresdr\outputs\madrl_v3_20260627_164047\MASAC\E1\figures\tables\objective_kpis.csv
True,OE1,Flexibilidad energetica,1.0,-0.0007357774807523,True,zero_net_energy,True,citylearn_v2.evaluate_v2,0.9992642225192476,citylearn_v3_madrl,MASAC,D:\MADRLCitytleranflexresdr\outputs\madrl_v3_20260627_164047\MASAC\E1,D:\MADRLCitytleranflexresdr\outputs\madrl_v3_20260627_164047\MASAC\E1\figures\tables\objective_kpis.csv
True,OE2,Emisiones de CO2,1.0,0.0536196220489209,False,carbon_emissions,True,citylearn_v2.evaluate_v2,1.053619622048921,citylearn_v3_madrl,MASAC,D:\MADRLCitytleranflexresdr\outputs\madrl_v3_20260627_164047\MASAC\E1,D:\MADRLCitytleranflexresdr\outputs\madrl_v3_20260627_164047\MASAC\E1\figures\tables\objective_kpis.csv
True,OE2,Emisiones de CO2,,,,carbon_emissions_baseline,True,citylearn_v2.evaluate_v2,9088716.879895853,citylearn_v3_madrl,MASAC,D:\MADRLCitytleranflexresdr\outputs\madrl_v3_20260627_164047\MASAC\E1,D:\MADRLCitytleranflexresdr\outputs\madrl_v3_20260627_164047\MASAC\E1\figures\tables\objective_kpis.csv
True,OE2,Emisiones de CO2,9088716.879895853,162009.33447666094,False,carbon_emissions_control,True,citylearn_v2.evaluate_v2,9250726.214372514,citylearn_v3_madrl,MASAC,D:\MADRLCitytleranflexresdr\outputs\madrl_v3_20260627_164047\MASAC\E1,D:\MADRLCitytleranflexresdr\outputs\madrl_v3_20260627_164047\MASAC\E1\figures\tables\objective_kpis.csv
True,OE2,Emisiones de CO2,,,,carbon_emissions_daily_average_baseline,True,citylearn_v2.evaluate_v2,24903.43704960617,citylearn_v3_madrl,MASAC,D:\MADRLCitytleranflexresdr\outputs\madrl_v3_20260627_164047\MASAC\E1,D:\MADRLCitytleranflexresdr\outputs\madrl_v3_20260627_164047\MASAC\E1\figures\tables\objective_kpis.csv
True,OE2,Emisiones de CO2,24903.43704960617,443.91186521747295,False,carbon_emissions_daily_average_control,True,citylearn_v2.evaluate_v2,25347.348914823648,citylearn_v3_madrl,MASAC,D:\MADRLCitytleranflexresdr\outputs\madrl_v3_20260627_164047\MASAC\E1,D:\MADRLCitytleranflexresdr\outputs\madrl_v3_20260627_164047\MASAC\E1\figures\tables\objective_kpis.csv
True,OE2,Emisiones de CO2,0.0,443.9118652174749,False,carbon_emissions_daily_average_delta,True,citylearn_v2.evaluate_v2,443.9118652174749,citylearn_v3_madrl,MASAC,D:\MADRLCitytleranflexresdr\outputs\madrl_v3_20260627_164047\MASAC\E1,D:\MADRLCitytleranflexresdr\outputs\madrl_v3_20260627_164047\MASAC\E1\figures\tables\objective_kpis.csv
True,OE2,Emisiones de CO2,0.0,81226.6231709392,False,carbon_emissions_delta,True,citylearn_v2.evaluate_v2,81226.6231709392,citylearn_v3_madrl,MASAC,D:\MADRLCitytleranflexresdr\outputs\madrl_v3_20260627_164047\MASAC\E1,D:\MADRLCitytleranflexresdr\outputs\madrl_v3_20260627_164047\MASAC\E1\figures\tables\objective_kpis.csv
True,OE3,Costos energeticos,1.0,-0.0213742883922686,True,cost_one_minus_load_factor_average,True,citylearn_v2.evaluate_v2,0.9786257116077314,citylearn_v3_madrl,MASAC,D:\MADRLCitytleranflexresdr\outputs\madrl_v3_20260627_164047\MASAC\E1,D:\MADRLCitytleranflexresdr\outputs\madrl_v3_20260627_164047\MASAC\E1\figures\tables\objective_kpis.csv
True,OE3,Costos energeticos,1.0,0.0850627613699077,False,cost_peak_average,True,citylearn_v2.evaluate_v2,1.0850627613699078,citylearn_v3_madrl,MASAC,D:\MADRLCitytleranflexresdr\outputs\madrl_v3_20260627_164047\MASAC\E1,D:\MADRLCitytleranflexresdr\outputs\madrl_v3_20260627_164047\MASAC\E1\figures\tables\objective_kpis.csv
True,OE3,Costos energeticos,1.0,0.0219691691061643,False,cost_ramping_average,True,citylearn_v2.evaluate_v2,1.0219691691061643,citylearn_v3_madrl,MASAC,D:\MADRLCitytleranflexresdr\outputs\madrl_v3_20260627_164047\MASAC\E1,D:\MADRLCitytleranflexresdr\outputs\madrl_v3_20260627_164047\MASAC\E1\figures\tables\objective_kpis.csv
True,OE3,Costos energeticos,1.0,0.0049419564019463,False,electricity_cost,True,citylearn_v2.evaluate_v2,1.0049419564019464,citylearn_v3_madrl,MASAC,D:\MADRLCitytleranflexresdr\outputs\madrl_v3_20260627_164047\MASAC\E1,D:\MADRLCitytleranflexresdr\outputs\madrl_v3_20260627_164047\MASAC\E1\figures\tables\objective_kpis.csv
True,OE3,Costos energeticos,,,,electricity_cost_baseline,True,citylearn_v2.evaluate_v2,5921703.1287605055,citylearn_v3_madrl,MASAC,D:\MADRLCitytleranflexresdr\outputs\madrl_v3_20260627_164047\MASAC\E1,D:\MADRLCitytleranflexresdr\outputs\madrl_v3_20260627_164047\MASAC\E1\figures\tables\objective_kpis.csv
True,OE3,Costos energeticos,5921703.1287605055,29264.798687604256,False,electricity_cost_control,True,citylearn_v2.evaluate_v2,5950967.92744811,citylearn_v3_madrl,MASAC,D:\MADRLCitytleranflexresdr\outputs\madrl_v3_20260627_164047\MASAC\E1,D:\MADRLCitytleranflexresdr\outputs\madrl_v3_20260627_164047\MASAC\E1\figures\tables\objective_kpis.csv
True,OE3,Costos energeticos,,,,electricity_cost_daily_average_baseline,True,citylearn_v2.evaluate_v2,16225.69643683664,citylearn_v3_madrl,MASAC,D:\MADRLCitytleranflexresdr\outputs\madrl_v3_20260627_164047\MASAC\E1,D:\MADRLCitytleranflexresdr\outputs\madrl_v3_20260627_164047\MASAC\E1\figures\tables\objective_kpis.csv
True,OE3,Costos energeticos,16225.69643683664,80.18668438206441,False,electricity_cost_daily_average_control,True,citylearn_v2.evaluate_v2,16305.883121218703,citylearn_v3_madrl,MASAC,D:\MADRLCitytleranflexresdr\outputs\madrl_v3_20260627_164047\MASAC\E1,D:\MADRLCitytleranflexresdr\outputs\madrl_v3_20260627_164047\MASAC\E1\figures\tables\objective_kpis.csv
True,OE3,Costos energeticos,0.0,80.18668438206441,False,electricity_cost_daily_average_delta,True,citylearn_v2.evaluate_v2,80.18668438206441,citylearn_v3_madrl,MASAC,D:\MADRLCitytleranflexresdr\outputs\madrl_v3_20260627_164047\MASAC\E1,D:\MADRLCitytleranflexresdr\outputs\madrl_v3_20260627_164047\MASAC\E1\figures\tables\objective_kpis.csv
True,OE3,Costos energeticos,0.0,14672.49268599316,False,electricity_cost_delta,True,citylearn_v2.evaluate_v2,14672.49268599316,citylearn_v3_madrl,MASAC,D:\MADRLCitytleranflexresdr\outputs\madrl_v3_20260627_164047\MASAC\E1,D:\MADRLCitytleranflexresdr\outputs\madrl_v3_20260627_164047\MASAC\E1\figures\tables\objective_kpis.csv
True,OE3,Costos energeticos,0.3845739346847668,0.0047784855251148,False,price_signal_deviation,True,derived_from_citylearn_v2_timeseries,0.3893524202098816,citylearn_v3_madrl,MASAC,D:\MADRLCitytleranflexresdr\outputs\madrl_v3_20260627_164047\MASAC\E1,D:\MADRLCitytleranflexresdr\outputs\madrl_v3_20260627_164047\MASAC\E1\figures\tables\objective_kpis.csv
True,OE1,Flexibilidad energetica,,,,battery_capacity_fade_ratio,True,citylearn_v2.evaluate_v2,6.491037768997175e-07,citylearn_v3_madrl,MATD3,D:\MADRLCitytleranflexresdr\outputs\madrl_v3_20260627_164047\MATD3\E1,D:\MADRLCitytleranflexresdr\outputs\madrl_v3_20260627_164047\MATD3\E1\figures\tables\objective_kpis.csv
True,OE1,Flexibilidad energetica,,,,battery_charge_total,False,citylearn_v2.evaluate_v2,2339.0884487526127,citylearn_v3_madrl,MATD3,D:\MADRLCitytleranflexresdr\outputs\madrl_v3_20260627_164047\MATD3\E1,D:\MADRLCitytleranflexresdr\outputs\madrl_v3_20260627_164047\MATD3\E1\figures\tables\objective_kpis.csv
True,OE1,Flexibilidad energetica,,,,battery_discharge_total,False,citylearn_v2.evaluate_v2,6151.162350785767,citylearn_v3_madrl,MATD3,D:\MADRLCitytleranflexresdr\outputs\madrl_v3_20260627_164047\MATD3\E1,D:\MADRLCitytleranflexresdr\outputs\madrl_v3_20260627_164047\MATD3\E1\figures\tables\objective_kpis.csv
True,OE1,Flexibilidad energetica,,,,battery_equivalent_full_cycles,False,citylearn_v2.evaluate_v2,0.16162055127424,citylearn_v3_madrl,MATD3,D:\MADRLCitytleranflexresdr\outputs\madrl_v3_20260627_164047\MATD3\E1,D:\MADRLCitytleranflexresdr\outputs\madrl_v3_20260627_164047\MATD3\E1\figures\tables\objective_kpis.csv
True,OE1,Flexibilidad energetica,,,,battery_throughput_total,False,citylearn_v2.evaluate_v2,8490.250799538378,citylearn_v3_madrl,MATD3,D:\MADRLCitytleranflexresdr\outputs\madrl_v3_20260627_164047\MATD3\E1,D:\MADRLCitytleranflexresdr\outputs\madrl_v3_20260627_164047\MATD3\E1\figures\tables\objective_kpis.csv
True,OE1,Flexibilidad energetica,,,,community_import_share,False,citylearn_v2.evaluate_v2,0.0871140856236642,citylearn_v3_madrl,MATD3,D:\MADRLCitytleranflexresdr\outputs\madrl_v3_20260627_164047\MATD3\E1,D:\MADRLCitytleranflexresdr\outputs\madrl_v3_20260627_164047\MATD3\E1\figures\tables\objective_kpis.csv
True,OE1,Flexibilidad energetica,,,,community_local_traded_daily_average,False,citylearn_v2.evaluate_v2,3173.3016377023123,citylearn_v3_madrl,MATD3,D:\MADRLCitytleranflexresdr\outputs\madrl_v3_20260627_164047\MATD3\E1,D:\MADRLCitytleranflexresdr\outputs\madrl_v3_20260627_164047\MATD3\E1\figures\tables\objective_kpis.csv
True,OE1,Flexibilidad energetica,,,,community_local_traded_total,False,citylearn_v2.evaluate_v2,1158122.876859773,citylearn_v3_madrl,MATD3,D:\MADRLCitytleranflexresdr\outputs\madrl_v3_20260627_164047\MATD3\E1,D:\MADRLCitytleranflexresdr\outputs\madrl_v3_20260627_164047\MATD3\E1\figures\tables\objective_kpis.csv
True,OE1,Flexibilidad energetica,,,,ev_charge_total,False,citylearn_v2.evaluate_v2,154012.73039302416,citylearn_v3_madrl,MATD3,D:\MADRLCitytleranflexresdr\outputs\madrl_v3_20260627_164047\MATD3\E1,D:\MADRLCitytleranflexresdr\outputs\madrl_v3_20260627_164047\MATD3\E1\figures\tables\objective_kpis.csv
True,OE1,Flexibilidad energetica,,,,ev_departure_count,True,citylearn_v2.evaluate_v2,39682.0,citylearn_v3_madrl,MATD3,D:\MADRLCitytleranflexresdr\outputs\madrl_v3_20260627_164047\MATD3\E1,D:\MADRLCitytleranflexresdr\outputs\madrl_v3_20260627_164047\MATD3\E1\figures\tables\objective_kpis.csv
True,OE1,Flexibilidad energetica,,,,ev_departure_met_count,False,citylearn_v2.evaluate_v2,17435.0,citylearn_v3_madrl,MATD3,D:\MADRLCitytleranflexresdr\outputs\madrl_v3_20260627_164047\MATD3\E1,D:\MADRLCitytleranflexresdr\outputs\madrl_v3_20260627_164047\MATD3\E1\figures\tables\objective_kpis.csv
True,OE1,Flexibilidad energetica,,,,ev_departure_soc_deficit_mean,True,citylearn_v2.evaluate_v2,0.3150071212508084,citylearn_v3_madrl,MATD3,D:\MADRLCitytleranflexresdr\outputs\madrl_v3_20260627_164047\MATD3\E1,D:\MADRLCitytleranflexresdr\outputs\madrl_v3_20260627_164047\MATD3\E1\figures\tables\objective_kpis.csv
True,OE1,Flexibilidad energetica,,,,ev_departure_success_rate,False,citylearn_v2.evaluate_v2,0.4393679754044655,citylearn_v3_madrl,MATD3,D:\MADRLCitytleranflexresdr\outputs\madrl_v3_20260627_164047\MATD3\E1,D:\MADRLCitytleranflexresdr\outputs\madrl_v3_20260627_164047\MATD3\E1\figures\tables\objective_kpis.csv
True,OE1,Flexibilidad energetica,,,,ev_departure_within_tolerance_count,False,citylearn_v2.evaluate_v2,624.0,citylearn_v3_madrl,MATD3,D:\MADRLCitytleranflexresdr\outputs\madrl_v3_20260627_164047\MATD3\E1,D:\MADRLCitytleranflexresdr\outputs\madrl_v3_20260627_164047\MATD3\E1\figures\tables\objective_kpis.csv
True,OE1,Flexibilidad energetica,,,,ev_departure_within_tolerance_rate,False,citylearn_v2.evaluate_v2,0.0157250138601885,citylearn_v3_madrl,MATD3,D:\MADRLCitytleranflexresdr\outputs\madrl_v3_20260627_164047\MATD3\E1,D:\MADRLCitytleranflexresdr\outputs\madrl_v3_20260627_164047\MATD3\E1\figures\tables\objective_kpis.csv
True,OE1,Flexibilidad energetica,,,,ev_v2g_export_total,False,citylearn_v2.evaluate_v2,29656.91909918259,citylearn_v3_madrl,MATD3,D:\MADRLCitytleranflexresdr\outputs\madrl_v3_20260627_164047\MATD3\E1,D:\MADRLCitytleranflexresdr\outputs\madrl_v3_20260627_164047\MATD3\E1\figures\tables\objective_kpis.csv
True,OE1,Flexibilidad energetica,,,,grid_export_baseline,True,citylearn_v2.evaluate_v2,39352684.03644943,citylearn_v3_madrl,MATD3,D:\MADRLCitytleranflexresdr\outputs\madrl_v3_20260627_164047\MATD3\E1,D:\MADRLCitytleranflexresdr\outputs\madrl_v3_20260627_164047\MATD3\E1\figures\tables\objective_kpis.csv
True,OE1,Flexibilidad energetica,39352684.03644943,-31198.41528918594,True,grid_export_control,True,citylearn_v2.evaluate_v2,39321485.62116025,citylearn_v3_madrl,MATD3,D:\MADRLCitytleranflexresdr\outputs\madrl_v3_20260627_164047\MATD3\E1,D:\MADRLCitytleranflexresdr\outputs\madrl_v3_20260627_164047\MATD3\E1\figures\tables\objective_kpis.csv
True,OE1,Flexibilidad energetica,0.0,-15641.950079056976,True,grid_export_delta,True,citylearn_v2.evaluate_v2,-15641.950079056976,citylearn_v3_madrl,MATD3,D:\MADRLCitytleranflexresdr\outputs\madrl_v3_20260627_164047\MATD3\E1,D:\MADRLCitytleranflexresdr\outputs\madrl_v3_20260627_164047\MATD3\E1\figures\tables\objective_kpis.csv
True,OE1,Flexibilidad energetica,1.0,-0.0007927900231732,True,grid_export_ratio,True,citylearn_v2.evaluate_v2,0.9992072099768268,citylearn_v3_madrl,MATD3,D:\MADRLCitytleranflexresdr\outputs\madrl_v3_20260627_164047\MATD3\E1,D:\MADRLCitytleranflexresdr\outputs\madrl_v3_20260627_164047\MATD3\E1\figures\tables\objective_kpis.csv
True,OE1,Flexibilidad energetica,1.0,0.0395562335067711,False,grid_import,True,citylearn_v2.evaluate_v2,1.0395562335067712,citylearn_v3_madrl,MATD3,D:\MADRLCitytleranflexresdr\outputs\madrl_v3_20260627_164047\MATD3\E1,D:\MADRLCitytleranflexresdr\outputs\madrl_v3_20260627_164047\MATD3\E1\figures\tables\objective_kpis.csv
True,OE1,Flexibilidad energetica,,,,grid_import_baseline,True,citylearn_v2.evaluate_v2,13204978.475624084,citylearn_v3_madrl,MATD3,D:\MADRLCitytleranflexresdr\outputs\madrl_v3_20260627_164047\MATD3\E1,D:\MADRLCitytleranflexresdr\outputs\madrl_v3_20260627_164047\MATD3\E1\figures\tables\objective_kpis.csv
True,OE1,Flexibilidad energetica,13204978.475624084,89345.49699846283,False,grid_import_control,True,citylearn_v2.evaluate_v2,13294323.972622547,citylearn_v3_madrl,MATD3,D:\MADRLCitytleranflexresdr\outputs\madrl_v3_20260627_164047\MATD3\E1,D:\MADRLCitytleranflexresdr\outputs\madrl_v3_20260627_164047\MATD3\E1\figures\tables\objective_kpis.csv
True,OE1,Flexibilidad energetica,0.0,44795.15356419106,False,grid_import_delta,True,citylearn_v2.evaluate_v2,44795.15356419106,citylearn_v3_madrl,MATD3,D:\MADRLCitytleranflexresdr\outputs\madrl_v3_20260627_164047\MATD3\E1,D:\MADRLCitytleranflexresdr\outputs\madrl_v3_20260627_164047\MATD3\E1\figures\tables\objective_kpis.csv
True,OE1,Flexibilidad energetica,,,,net_exchange_baseline,True,citylearn_v2.evaluate_v2,-26147705.560825348,citylearn_v3_madrl,MATD3,D:\MADRLCitytleranflexresdr\outputs\madrl_v3_20260627_164047\MATD3\E1,D:\MADRLCitytleranflexresdr\outputs\madrl_v3_20260627_164047\MATD3\E1\figures\tables\objective_kpis.csv
True,OE1,Flexibilidad energetica,-26147705.560825348,120543.91228764877,False,net_exchange_control,True,citylearn_v2.evaluate_v2,-26027161.6485377,citylearn_v3_madrl,MATD3,D:\MADRLCitytleranflexresdr\outputs\madrl_v3_20260627_164047\MATD3\E1,D:\MADRLCitytleranflexresdr\outputs\madrl_v3_20260627_164047\MATD3\E1\figures\tables\objective_kpis.csv
True,OE1,Flexibilidad energetica,0.0,60437.10364324804,False,net_exchange_delta,True,citylearn_v2.evaluate_v2,60437.10364324804,citylearn_v3_madrl,MATD3,D:\MADRLCitytleranflexresdr\outputs\madrl_v3_20260627_164047\MATD3\E1,D:\MADRLCitytleranflexresdr\outputs\madrl_v3_20260627_164047\MATD3\E1\figures\tables\objective_kpis.csv
True,OE1,Flexibilidad energetica,1.0,-0.0065309433470507,True,one_minus_load_factor_average,True,citylearn_v2.evaluate_v2,0.9934690566529492,citylearn_v3_madrl,MATD3,D:\MADRLCitytleranflexresdr\outputs\madrl_v3_20260627_164047\MATD3\E1,D:\MADRLCitytleranflexresdr\outputs\madrl_v3_20260627_164047\MATD3\E1\figures\tables\objective_kpis.csv
True,OE1,Flexibilidad energetica,1.0,0.0081243650776303,False,peak_average,True,citylearn_v2.evaluate_v2,1.0081243650776304,citylearn_v3_madrl,MATD3,D:\MADRLCitytleranflexresdr\outputs\madrl_v3_20260627_164047\MATD3\E1,D:\MADRLCitytleranflexresdr\outputs\madrl_v3_20260627_164047\MATD3\E1\figures\tables\objective_kpis.csv
True,OE1,Flexibilidad energetica,,,,pv_export_daily_average,True,citylearn_v2.evaluate_v2,110898.61026130983,citylearn_v3_madrl,MATD3,D:\MADRLCitytleranflexresdr\outputs\madrl_v3_20260627_164047\MATD3\E1,D:\MADRLCitytleranflexresdr\outputs\madrl_v3_20260627_164047\MATD3\E1\figures\tables\objective_kpis.csv
True,OE1,Flexibilidad energetica,,,,pv_export_total,True,citylearn_v2.evaluate_v2,40473371.96995053,citylearn_v3_madrl,MATD3,D:\MADRLCitytleranflexresdr\outputs\madrl_v3_20260627_164047\MATD3\E1,D:\MADRLCitytleranflexresdr\outputs\madrl_v3_20260627_164047\MATD3\E1\figures\tables\objective_kpis.csv
True,OE1,Flexibilidad energetica,,,,pv_generation_daily_average,False,citylearn_v2.evaluate_v2,135731.8379158463,citylearn_v3_madrl,MATD3,D:\MADRLCitytleranflexresdr\outputs\madrl_v3_20260627_164047\MATD3\E1,D:\MADRLCitytleranflexresdr\outputs\madrl_v3_20260627_164047\MATD3\E1\figures\tables\objective_kpis.csv
True,OE1,Flexibilidad energetica,,,,pv_generation_total,False,citylearn_v2.evaluate_v2,49536465.3460374,citylearn_v3_madrl,MATD3,D:\MADRLCitytleranflexresdr\outputs\madrl_v3_20260627_164047\MATD3\E1,D:\MADRLCitytleranflexresdr\outputs\madrl_v3_20260627_164047\MATD3\E1\figures\tables\objective_kpis.csv
True,OE1,Flexibilidad energetica,,,,pv_self_consumption_ratio,False,citylearn_v2.evaluate_v2,0.1829580151263629,citylearn_v3_madrl,MATD3,D:\MADRLCitytleranflexresdr\outputs\madrl_v3_20260627_164047\MATD3\E1,D:\MADRLCitytleranflexresdr\outputs\madrl_v3_20260627_164047\MATD3\E1\figures\tables\objective_kpis.csv
True,OE1,Flexibilidad energetica,1.0,0.0011755487359967,False,ramping_average,True,citylearn_v2.evaluate_v2,1.0011755487359968,citylearn_v3_madrl,MATD3,D:\MADRLCitytleranflexresdr\outputs\madrl_v3_20260627_164047\MATD3\E1,D:\MADRLCitytleranflexresdr\outputs\madrl_v3_20260627_164047\MATD3\E1\figures\tables\objective_kpis.csv
True,OE1,Flexibilidad energetica,1.0,-0.0100403051915888,True,zero_net_energy,True,citylearn_v2.evaluate_v2,0.9899596948084112,citylearn_v3_madrl,MATD3,D:\MADRLCitytleranflexresdr\outputs\madrl_v3_20260627_164047\MATD3\E1,D:\MADRLCitytleranflexresdr\outputs\madrl_v3_20260627_164047\MATD3\E1\figures\tables\objective_kpis.csv
True,OE2,Emisiones de CO2,1.0,0.0385496103000702,False,carbon_emissions,True,citylearn_v2.evaluate_v2,1.0385496103000702,citylearn_v3_madrl,MATD3,D:\MADRLCitytleranflexresdr\outputs\madrl_v3_20260627_164047\MATD3\E1,D:\MADRLCitytleranflexresdr\outputs\madrl_v3_20260627_164047\MATD3\E1\figures\tables\objective_kpis.csv
True,OE2,Emisiones de CO2,,,,carbon_emissions_baseline,True,citylearn_v2.evaluate_v2,10986820.520467822,citylearn_v3_madrl,MATD3,D:\MADRLCitytleranflexresdr\outputs\madrl_v3_20260627_164047\MATD3\E1,D:\MADRLCitytleranflexresdr\outputs\madrl_v3_20260627_164047\MATD3\E1\figures\tables\objective_kpis.csv
True,OE2,Emisiones de CO2,10986820.520467822,73245.9745124504,False,carbon_emissions_control,True,citylearn_v2.evaluate_v2,11060066.494980272,citylearn_v3_madrl,MATD3,D:\MADRLCitytleranflexresdr\outputs\madrl_v3_20260627_164047\MATD3\E1,D:\MADRLCitytleranflexresdr\outputs\madrl_v3_20260627_164047\MATD3\E1\figures\tables\objective_kpis.csv
True,OE2,Emisiones de CO2,,,,carbon_emissions_daily_average_baseline,True,citylearn_v2.evaluate_v2,30104.31470387347,citylearn_v3_madrl,MATD3,D:\MADRLCitytleranflexresdr\outputs\madrl_v3_20260627_164047\MATD3\E1,D:\MADRLCitytleranflexresdr\outputs\madrl_v3_20260627_164047\MATD3\E1\figures\tables\objective_kpis.csv
True,OE2,Emisiones de CO2,30104.31470387347,200.6968133689697,False,carbon_emissions_daily_average_control,True,citylearn_v2.evaluate_v2,30305.01151724244,citylearn_v3_madrl,MATD3,D:\MADRLCitytleranflexresdr\outputs\madrl_v3_20260627_164047\MATD3\E1,D:\MADRLCitytleranflexresdr\outputs\madrl_v3_20260627_164047\MATD3\E1\figures\tables\objective_kpis.csv
True,OE2,Emisiones de CO2,0.0,200.69681336897017,False,carbon_emissions_daily_average_delta,True,citylearn_v2.evaluate_v2,200.69681336897017,citylearn_v3_madrl,MATD3,D:\MADRLCitytleranflexresdr\outputs\madrl_v3_20260627_164047\MATD3\E1,D:\MADRLCitytleranflexresdr\outputs\madrl_v3_20260627_164047\MATD3\E1\figures\tables\objective_kpis.csv
True,OE2,Emisiones de CO2,0.0,36723.33566290968,False,carbon_emissions_delta,True,citylearn_v2.evaluate_v2,36723.33566290968,citylearn_v3_madrl,MATD3,D:\MADRLCitytleranflexresdr\outputs\madrl_v3_20260627_164047\MATD3\E1,D:\MADRLCitytleranflexresdr\outputs\madrl_v3_20260627_164047\MATD3\E1\figures\tables\objective_kpis.csv
True,OE3,Costos energeticos,1.0,-0.0065309433470507,True,cost_one_minus_load_factor_average,True,citylearn_v2.evaluate_v2,0.9934690566529492,citylearn_v3_madrl,MATD3,D:\MADRLCitytleranflexresdr\outputs\madrl_v3_20260627_164047\MATD3\E1,D:\MADRLCitytleranflexresdr\outputs\madrl_v3_20260627_164047\MATD3\E1\figures\tables\objective_kpis.csv
True,OE3,Costos energeticos,1.0,0.0081243650776303,False,cost_peak_average,True,citylearn_v2.evaluate_v2,1.0081243650776304,citylearn_v3_madrl,MATD3,D:\MADRLCitytleranflexresdr\outputs\madrl_v3_20260627_164047\MATD3\E1,D:\MADRLCitytleranflexresdr\outputs\madrl_v3_20260627_164047\MATD3\E1\figures\tables\objective_kpis.csv
True,OE3,Costos energeticos,1.0,0.0011755487359967,False,cost_ramping_average,True,citylearn_v2.evaluate_v2,1.0011755487359968,citylearn_v3_madrl,MATD3,D:\MADRLCitytleranflexresdr\outputs\madrl_v3_20260627_164047\MATD3\E1,D:\MADRLCitytleranflexresdr\outputs\madrl_v3_20260627_164047\MATD3\E1\figures\tables\objective_kpis.csv
True,OE3,Costos energeticos,1.0,0.0080607462410982,False,electricity_cost,True,citylearn_v2.evaluate_v2,1.0080607462410982,citylearn_v3_madrl,MATD3,D:\MADRLCitytleranflexresdr\outputs\madrl_v3_20260627_164047\MATD3\E1,D:\MADRLCitytleranflexresdr\outputs\madrl_v3_20260627_164047\MATD3\E1\figures\tables\objective_kpis.csv
True,OE3,Costos energeticos,,,,electricity_cost_baseline,True,citylearn_v2.evaluate_v2,8183897.547443151,citylearn_v3_madrl,MATD3,D:\MADRLCitytleranflexresdr\outputs\madrl_v3_20260627_164047\MATD3\E1,D:\MADRLCitytleranflexresdr\outputs\madrl_v3_20260627_164047\MATD3\E1\figures\tables\objective_kpis.csv
True,OE3,Costos energeticos,8183897.547443151,65968.32139308564,False,electricity_cost_control,True,citylearn_v2.evaluate_v2,8249865.868836236,citylearn_v3_madrl,MATD3,D:\MADRLCitytleranflexresdr\outputs\madrl_v3_20260627_164047\MATD3\E1,D:\MADRLCitytleranflexresdr\outputs\madrl_v3_20260627_164047\MATD3\E1\figures\tables\objective_kpis.csv
True,OE3,Costos energeticos,,,,electricity_cost_daily_average_baseline,True,citylearn_v2.evaluate_v2,22424.19695611778,citylearn_v3_madrl,MATD3,D:\MADRLCitytleranflexresdr\outputs\madrl_v3_20260627_164047\MATD3\E1,D:\MADRLCitytleranflexresdr\outputs\madrl_v3_20260627_164047\MATD3\E1\figures\tables\objective_kpis.csv
True,OE3,Costos energeticos,22424.19695611778,180.7557613236713,False,electricity_cost_daily_average_control,True,citylearn_v2.evaluate_v2,22604.95271744145,citylearn_v3_madrl,MATD3,D:\MADRLCitytleranflexresdr\outputs\madrl_v3_20260627_164047\MATD3\E1,D:\MADRLCitytleranflexresdr\outputs\madrl_v3_20260627_164047\MATD3\E1\figures\tables\objective_kpis.csv
True,OE3,Costos energeticos,0.0,180.75576132367345,False,electricity_cost_daily_average_delta,True,citylearn_v2.evaluate_v2,180.75576132367345,citylearn_v3_madrl,MATD3,D:\MADRLCitytleranflexresdr\outputs\madrl_v3_20260627_164047\MATD3\E1,D:\MADRLCitytleranflexresdr\outputs\madrl_v3_20260627_164047\MATD3\E1\figures\tables\objective_kpis.csv
True,OE3,Costos energeticos,0.0,33074.53857720466,False,electricity_cost_delta,True,citylearn_v2.evaluate_v2,33074.53857720466,citylearn_v3_madrl,MATD3,D:\MADRLCitytleranflexresdr\outputs\madrl_v3_20260627_164047\MATD3\E1,D:\MADRLCitytleranflexresdr\outputs\madrl_v3_20260627_164047\MATD3\E1\figures\tables\objective_kpis.csv
True,OE3,Costos energeticos,0.3833222877398896,0.0010810811617534,False,price_signal_deviation,True,derived_from_citylearn_v2_timeseries,0.3844033689016431,citylearn_v3_madrl,MATD3,D:\MADRLCitytleranflexresdr\outputs\madrl_v3_20260627_164047\MATD3\E1,D:\MADRLCitytleranflexresdr\outputs\madrl_v3_20260627_164047\MATD3\E1\figures\tables\objective_kpis.csv
